BATTERY,64,99.997690,2016.000000,,
BATTERY,64,99.997690,2016.000000,,
BATTERY,64,99.995746,3713.000000,,
BATTERY,64,99.995746,3713.000000,,
BATTERY,64,99.993434,5730.000000,,
BATTERY,64,99.993434,5730.000000,,
BATTERY,64,99.991490,7427.000000,,
BATTERY,64,99.991490,7427.000000,,
BATTERY,64,99.986979,11364.000000,,
BATTERY,64,99.986979,11364.000000,,
BATTERY,64,99.963315,32016.000000,,
BATTERY,64,99.963315,32016.000000,,
BATTERY,64,99.961371,33713.000000,,
BATTERY,64,99.961371,33713.000000,,
BATTERY,64,99.959426,35410.000000,,
BATTERY,64,99.959426,35410.000000,,
BATTERY,64,99.956968,37555.000000,,
BATTERY,64,99.956968,37555.000000,,
BATTERY,64,99.954877,39380.000000,,
BATTERY,64,99.954877,39380.000000,,
BATTERY,64,99.952677,41300.000000,,
BATTERY,64,99.952677,41300.000000,,
BATTERY,64,99.950555,43152.000000,,
BATTERY,64,99.950555,43152.000000,,
BATTERY,64,99.950298,43376.000000,,
BATTERY,64,99.945113,45073.000000,,
BATTERY,64,99.943023,46897.000000,,
BATTERY,64,99.943023,46897.000000,,
BATTERY,64,99.940854,48790.000000,,
BATTERY,64,99.940854,48790.000000,,
BATTERY,64,99.938732,50642.000000,,
BATTERY,64,99.938732,50642.000000,,
BATTERY,64,99.936563,52535.000000,,
BATTERY,64,99.936563,52535.000000,,
BATTERY,64,99.934441,54387.000000,,
BATTERY,64,99.934441,54387.000000,,
BATTERY,64,99.932272,56280.000000,,
BATTERY,64,99.932272,56280.000000,,
BATTERY,64,99.930150,58132.000000,,
BATTERY,64,99.930150,58132.000000,,
BATTERY,64,99.927981,60025.000000,,
BATTERY,64,99.927981,60025.000000,,
BATTERY,64,99.925858,61877.000000,,
BATTERY,64,99.925858,61877.000000,,
BATTERY,64,99.923658,63797.000000,,
BATTERY,64,99.923658,63797.000000,,
BATTERY,64,99.921201,65942.000000,,
BATTERY,64,99.921201,65942.000000,,
BATTERY,64,99.919001,67862.000000,,
BATTERY,64,99.919001,67862.000000,,
BATTERY,64,99.387524,531696.000000,,
BATTERY,64,99.387524,531696.000000,,
BATTERY,64,99.385373,533573.000000,,
BATTERY,64,99.385373,533573.000000,,
BATTERY,64,99.383380,535313.000000,,
BATTERY,64,99.383380,535313.000000,,
BATTERY,64,99.381289,537138.000000,,
BATTERY,64,99.381289,537138.000000,,
BATTERY,64,99.379068,539076.000000,,
BATTERY,64,99.379068,539076.000000,,
BATTERY,64,99.376977,540901.000000,,
BATTERY,64,99.376977,540901.000000,,
BATTERY,64,99.374685,542901.000000,,
BATTERY,64,99.374685,542901.000000,,
BATTERY,64,99.372594,544726.000000,,
BATTERY,64,99.372594,544726.000000,,
BATTERY,64,99.370394,546646.000000,,
BATTERY,64,99.370394,546646.000000,,
BATTERY,64,99.368303,548471.000000,,
BATTERY,64,99.368303,548471.000000,,
BATTERY,64,99.366103,550391.000000,,
BATTERY,64,99.366103,550391.000000,,
BATTERY,64,99.364012,552216.000000,,
BATTERY,64,99.364012,552216.000000,,
BATTERY,64,99.361812,554136.000000,,
BATTERY,64,99.361812,554136.000000,,
BATTERY,64,99.361555,554360.000000,,
BATTERY,64,99.356370,556057.000000,,
BATTERY,64,99.354280,557881.000000,,
BATTERY,64,99.354280,557881.000000,,
BATTERY,64,99.352189,559706.000000,,
BATTERY,64,99.352189,559706.000000,,
BATTERY,64,99.349989,561626.000000,,
BATTERY,64,99.349989,561626.000000,,
BATTERY,64,99.347897,563451.000000,,
BATTERY,64,99.347897,563451.000000,,
BATTERY,64,99.345477,565563.000000,,
BATTERY,64,99.345477,565563.000000,,
BATTERY,64,99.343386,567388.000000,,
BATTERY,64,99.343386,567388.000000,,
BATTERY,64,99.340929,569533.000000,,
BATTERY,64,99.340929,569533.000000,,
BATTERY,64,98.845375,1002016.000000,,
BATTERY,64,98.845375,1002016.000000,,
BATTERY,64,98.811000,1032016.000000,,
BATTERY,64,98.811000,1032016.000000,,
BATTERY,64,98.238083,1532016.000000,,
BATTERY,64,98.238083,1532016.000000,,
BATTERY,64,98.235778,1534028.000000,,
BATTERY,64,98.235778,1534028.000000,,
BATTERY,64,98.233687,1535853.000000,,
BATTERY,64,98.233687,1535853.000000,,
BATTERY,64,98.231488,1537772.000000,,
BATTERY,64,98.231488,1537772.000000,,
BATTERY,64,98.231231,1537996.000000,,
BATTERY,64,98.226046,1539693.000000,,
BATTERY,64,98.223956,1541517.000000,,
BATTERY,64,98.223956,1541517.000000,,
BATTERY,64,98.221864,1543343.000000,,
BATTERY,64,98.221864,1543343.000000,,
BATTERY,64,98.219665,1545262.000000,,
BATTERY,64,98.219665,1545262.000000,,
BATTERY,64,98.217573,1547088.000000,,
BATTERY,64,98.217573,1547088.000000,,
BATTERY,64,98.215374,1549007.000000,,
BATTERY,64,98.215374,1549007.000000,,
BATTERY,64,98.213281,1550833.000000,,
BATTERY,64,98.213281,1550833.000000,,
BATTERY,64,98.211083,1552752.000000,,
BATTERY,64,98.211083,1552752.000000,,
BATTERY,64,98.208991,1554577.000000,,
BATTERY,64,98.208991,1554577.000000,,
BATTERY,64,98.206791,1556497.000000,,
BATTERY,64,98.206791,1556497.000000,,
BATTERY,64,98.204700,1558322.000000,,
BATTERY,64,98.204700,1558322.000000,,
BATTERY,64,98.202242,1560467.000000,,
BATTERY,64,98.202242,1560467.000000,,
BATTERY,64,98.200042,1562387.000000,,
BATTERY,64,98.200042,1562387.000000,,
BATTERY,64,98.196851,1565172.000000,,
BATTERY,64,98.196851,1565172.000000,,
BATTERY,64,98.182294,1577877.000000,,
BATTERY,64,98.182294,1577877.000000,,
BATTERY,64,97.088276,2532656.000000,,
BATTERY,64,97.088276,2532656.000000,,
BATTERY,64,97.086110,2534546.000000,,
BATTERY,64,97.086110,2534546.000000,,
BATTERY,64,97.084000,2536388.000000,,
BATTERY,64,97.084000,2536388.000000,,
BATTERY,64,97.081756,2538346.000000,,
BATTERY,64,97.081756,2538346.000000,,
BATTERY,64,97.079665,2540171.000000,,
BATTERY,64,97.079665,2540171.000000,,
BATTERY,64,97.079408,2540395.000000,,
BATTERY,64,97.074223,2542092.000000,,
BATTERY,64,97.072133,2543916.000000,,
BATTERY,64,97.072133,2543916.000000,,
BATTERY,64,97.069933,2545836.000000,,
BATTERY,64,97.069933,2545836.000000,,
BATTERY,64,97.067842,2547661.000000,,
BATTERY,64,97.067842,2547661.000000,,
BATTERY,64,97.065642,2549581.000000,,
BATTERY,64,97.065642,2549581.000000,,
BATTERY,64,97.063551,2551406.000000,,
BATTERY,64,97.063551,2551406.000000,,
BATTERY,64,97.061351,2553326.000000,,
BATTERY,64,97.061351,2553326.000000,,
BATTERY,64,97.059260,2555151.000000,,
BATTERY,64,97.059260,2555151.000000,,
BATTERY,64,97.057060,2557071.000000,,
BATTERY,64,97.057060,2557071.000000,,
BATTERY,64,97.054968,2558896.000000,,
BATTERY,64,97.054968,2558896.000000,,
BATTERY,64,97.052768,2560816.000000,,
BATTERY,64,97.052768,2560816.000000,,
BATTERY,64,97.050677,2562641.000000,,
BATTERY,64,97.050677,2562641.000000,,
BATTERY,64,97.048477,2564561.000000,,
BATTERY,64,97.048477,2564561.000000,,
BATTERY,64,97.046386,2566386.000000,,
BATTERY,64,97.046386,2566386.000000,,
BATTERY,64,97.043195,2569171.000000,,
BATTERY,64,97.043195,2569171.000000,,
BATTERY,64,97.040737,2571316.000000,,
BATTERY,64,97.040737,2571316.000000,,
BATTERY,64,96.547227,3002016.000000,,
BATTERY,64,96.547227,3002016.000000,,
BATTERY,64,96.511752,3032976.000000,,
BATTERY,64,96.511752,3032976.000000,,
BATTERY,64,96.508071,3036188.000000,,
BATTERY,64,96.508071,3036188.000000,,
BATTERY,64,96.505980,3038013.000000,,
BATTERY,64,96.505980,3038013.000000,,
BATTERY,64,96.503698,3040005.000000,,
BATTERY,64,96.503698,3040005.000000,,
BATTERY,64,96.501408,3042003.000000,,
BATTERY,64,96.501408,3042003.000000,,
BATTERY,64,96.499317,3043828.000000,,
BATTERY,64,96.499317,3043828.000000,,
BATTERY,64,96.499061,3044052.000000,,
BATTERY,64,96.493875,3045749.000000,,
BATTERY,64,96.491635,3047704.000000,,
BATTERY,64,96.491635,3047704.000000,,
BATTERY,64,96.489544,3049529.000000,,
BATTERY,64,96.489544,3049529.000000,,
BATTERY,64,96.487344,3051449.000000,,
BATTERY,64,96.487344,3051449.000000,,
BATTERY,64,96.485253,3053274.000000,,
BATTERY,64,96.485253,3053274.000000,,
BATTERY,64,96.483053,3055194.000000,,
BATTERY,64,96.483053,3055194.000000,,
BATTERY,64,96.480962,3057019.000000,,
BATTERY,64,96.480962,3057019.000000,,
BATTERY,64,96.478762,3058939.000000,,
BATTERY,64,96.478762,3058939.000000,,
BATTERY,64,96.476671,3060764.000000,,
BATTERY,64,96.476671,3060764.000000,,
BATTERY,64,96.474471,3062684.000000,,
BATTERY,64,96.474471,3062684.000000,,
BATTERY,64,96.472271,3064604.000000,,
BATTERY,64,96.472271,3064604.000000,,
BATTERY,64,96.470179,3066429.000000,,
BATTERY,64,96.470179,3066429.000000,,
BATTERY,64,96.468088,3068254.000000,,
BATTERY,64,96.468088,3068254.000000,,
BATTERY,64,96.465888,3070174.000000,,
BATTERY,64,96.465888,3070174.000000,,
BATTERY,64,96.463797,3071999.000000,,
BATTERY,64,96.463797,3071999.000000,,
BATTERY,64,96.461230,3074239.000000,,
BATTERY,64,96.461230,3074239.000000,,
BATTERY,64,96.457306,3077664.000000,,
BATTERY,64,96.457306,3077664.000000,,
BATTERY,64,95.937061,3531696.000000,,
BATTERY,64,95.937061,3531696.000000,,
BATTERY,64,95.934750,3533713.000000,,
BATTERY,64,95.934750,3533713.000000,,
BATTERY,64,95.931705,3536370.000000,,
BATTERY,64,95.931705,3536370.000000,,
BATTERY,64,95.927928,3539667.000000,,
BATTERY,64,95.927928,3539667.000000,,
BATTERY,64,94.789394,4533296.000000,,
BATTERY,64,94.789394,4533296.000000,,
BATTERY,64,94.786840,4535525.000000,,
BATTERY,64,94.786840,4535525.000000,,
BATTERY,64,94.784600,4537480.000000,,
BATTERY,64,94.784600,4537480.000000,,
BATTERY,64,94.782509,4539305.000000,,
BATTERY,64,94.782509,4539305.000000,,
BATTERY,64,94.780397,4541148.000000,,
BATTERY,64,94.780397,4541148.000000,,
BATTERY,64,94.778218,4543050.000000,,
BATTERY,64,94.778218,4543050.000000,,
BATTERY,64,94.777961,4543274.000000,,
BATTERY,64,94.772776,4544971.000000,,
BATTERY,64,94.770686,4546795.000000,,
BATTERY,64,94.770686,4546795.000000,,
BATTERY,64,94.768574,4548638.000000,,
BATTERY,64,94.768574,4548638.000000,,
BATTERY,64,94.766395,4550540.000000,,
BATTERY,64,94.766395,4550540.000000,,
BATTERY,64,94.764283,4552383.000000,,
BATTERY,64,94.764283,4552383.000000,,
BATTERY,64,94.762083,4554303.000000,,
BATTERY,64,94.762083,4554303.000000,,
BATTERY,64,94.760139,4556000.000000,,
BATTERY,64,94.760139,4556000.000000,,
BATTERY,64,94.758047,4557825.000000,,
BATTERY,64,94.758047,4557825.000000,,
BATTERY,64,94.755956,4559650.000000,,
BATTERY,64,94.755956,4559650.000000,,
BATTERY,64,94.753756,4561570.000000,,
BATTERY,64,94.753756,4561570.000000,,
BATTERY,64,94.751665,4563395.000000,,
BATTERY,64,94.751665,4563395.000000,,
BATTERY,64,94.749207,4565540.000000,,
BATTERY,64,94.749207,4565540.000000,,
BATTERY,64,94.747007,4567460.000000,,
BATTERY,64,94.747007,4567460.000000,,
BATTERY,64,94.744916,4569285.000000,,
BATTERY,64,94.744916,4569285.000000,,
BATTERY,64,92.494854,6532976.000000,,
BATTERY,64,92.494854,6532976.000000,,
BATTERY,64,92.492161,6535326.000000,,
BATTERY,64,92.492161,6535326.000000,,
BATTERY,64,92.490053,6537166.000000,,
BATTERY,64,92.490053,6537166.000000,,
BATTERY,64,92.489905,6537295.000000,,
BATTERY,64,92.484719,6538992.000000,,
BATTERY,64,92.482521,6540911.000000,,
BATTERY,64,92.482521,6540911.000000,,
BATTERY,64,92.480261,6542883.000000,,
BATTERY,64,92.480261,6542883.000000,,
BATTERY,64,92.478170,6544708.000000,,
BATTERY,64,92.478170,6544708.000000,,
BATTERY,64,92.475970,6546628.000000,,
BATTERY,64,92.475970,6546628.000000,,
BATTERY,64,92.473879,6548453.000000,,
BATTERY,64,92.473879,6548453.000000,,
BATTERY,64,92.471679,6550373.000000,,
BATTERY,64,92.471679,6550373.000000,,
BATTERY,64,92.469588,6552198.000000,,
BATTERY,64,92.469588,6552198.000000,,
BATTERY,64,92.467496,6554023.000000,,
BATTERY,64,92.467496,6554023.000000,,
BATTERY,64,92.464930,6556263.000000,,
BATTERY,64,92.464930,6556263.000000,,
BATTERY,64,92.462839,6558088.000000,,
BATTERY,64,92.462839,6558088.000000,,
BATTERY,64,92.460272,6560328.000000,,
BATTERY,64,92.460272,6560328.000000,,
BATTERY,64,92.458181,6562153.000000,,
BATTERY,64,92.458181,6562153.000000,,
BATTERY,64,92.455614,6564393.000000,,
BATTERY,64,92.455614,6564393.000000,,
BATTERY,64,92.453523,6566218.000000,,
BATTERY,64,92.453523,6566218.000000,,
BATTERY,64,92.449598,6569643.000000,,
BATTERY,64,92.449598,6569643.000000,,
BATTERY,64,92.446774,6572108.000000,,
BATTERY,64,92.446774,6572108.000000,,
BATTERY,64,91.346879,7532016.000000,,
BATTERY,64,91.346879,7532016.000000,,
BATTERY,64,91.343835,7534673.000000,,
BATTERY,64,91.343835,7534673.000000,,
BATTERY,64,91.340790,7537330.000000,,
BATTERY,64,91.340790,7537330.000000,,
BATTERY,64,91.337013,7540627.000000,,
BATTERY,64,91.337013,7540627.000000,,
BATTERY,64,90.199946,8532976.000000,,
BATTERY,64,90.199946,8532976.000000,,
BATTERY,64,90.197323,8535265.000000,,
BATTERY,64,90.197323,8535265.000000,,
BATTERY,64,90.195232,8537090.000000,,
BATTERY,64,90.195232,8537090.000000,,
BATTERY,64,90.193050,8538994.000000,,
BATTERY,64,90.193050,8538994.000000,,
BATTERY,64,90.190941,8540835.000000,,
BATTERY,64,90.190941,8540835.000000,,
BATTERY,64,90.188759,8542739.000000,,
BATTERY,64,90.188759,8542739.000000,,
BATTERY,64,90.186650,8544580.000000,,
BATTERY,64,90.186650,8544580.000000,,
BATTERY,64,90.184468,8546484.000000,,
BATTERY,64,90.184468,8546484.000000,,
BATTERY,64,90.184211,8546708.000000,,
BATTERY,64,90.179026,8548405.000000,,
BATTERY,64,90.176936,8550229.000000,,
BATTERY,64,90.176936,8550229.000000,,
BATTERY,64,90.174827,8552070.000000,,
BATTERY,64,90.174827,8552070.000000,,
BATTERY,64,90.172645,8553974.000000,,
BATTERY,64,90.172645,8553974.000000,,
BATTERY,64,90.170554,8555799.000000,,
BATTERY,64,90.170554,8555799.000000,,
BATTERY,64,90.167987,8558039.000000,,
BATTERY,64,90.167987,8558039.000000,,
BATTERY,64,90.165529,8560184.000000,,
BATTERY,64,90.165529,8560184.000000,,
BATTERY,64,90.163329,8562104.000000,,
BATTERY,64,90.163329,8562104.000000,,
BATTERY,64,90.161238,8563929.000000,,
BATTERY,64,90.161238,8563929.000000,,
BATTERY,64,90.158047,8566714.000000,,
BATTERY,64,90.158047,8566714.000000,,
BATTERY,64,90.153756,8570459.000000,,
BATTERY,64,90.153756,8570459.000000,,
BATTERY,64,87.903939,10533936.000000,,
BATTERY,64,87.903939,10533936.000000,,
BATTERY,64,87.901602,10535975.000000,,
BATTERY,64,87.901602,10535975.000000,,
BATTERY,64,87.901088,10536424.000000,,
BATTERY,64,87.895903,10538121.000000,,
BATTERY,64,87.893813,10539945.000000,,
BATTERY,64,87.893813,10539945.000000,,
BATTERY,64,87.891613,10541865.000000,,
BATTERY,64,87.891613,10541865.000000,,
BATTERY,64,87.889521,10543690.000000,,
BATTERY,64,87.889521,10543690.000000,,
BATTERY,64,87.887321,10545610.000000,,
BATTERY,64,87.887321,10545610.000000,,
BATTERY,64,87.885230,10547435.000000,,
BATTERY,64,87.885230,10547435.000000,,
BATTERY,64,87.883030,10549355.000000,,
BATTERY,64,87.883030,10549355.000000,,
BATTERY,64,87.880939,10551180.000000,,
BATTERY,64,87.880939,10551180.000000,,
BATTERY,64,87.878739,10553100.000000,,
BATTERY,64,87.878739,10553100.000000,,
BATTERY,64,87.876648,10554925.000000,,
BATTERY,64,87.876648,10554925.000000,,
BATTERY,64,87.874448,10556845.000000,,
BATTERY,64,87.874448,10556845.000000,,
BATTERY,64,87.872357,10558670.000000,,
BATTERY,64,87.872357,10558670.000000,,
BATTERY,64,87.870157,10560590.000000,,
BATTERY,64,87.870157,10560590.000000,,
BATTERY,64,87.868066,10562415.000000,,
BATTERY,64,87.868066,10562415.000000,,
BATTERY,64,87.865974,10564240.000000,,
BATTERY,64,87.865974,10564240.000000,,
BATTERY,64,87.863883,10566065.000000,,
BATTERY,64,87.863883,10566065.000000,,
BATTERY,64,87.861683,10567985.000000,,
BATTERY,64,87.861683,10567985.000000,,
BATTERY,64,87.859592,10569810.000000,,
BATTERY,64,87.859592,10569810.000000,,
BATTERY,64,87.857392,10571730.000000,,
BATTERY,64,87.857392,10571730.000000,,
BATTERY,64,87.854934,10573875.000000,,
BATTERY,64,87.854934,10573875.000000,,
BATTERY,64,87.851743,10576660.000000,,
BATTERY,64,87.851743,10576660.000000,,
BATTERY,64,82.173731,15532016.000000,,
BATTERY,64,82.173731,15532016.000000,,
BATTERY,64,82.171787,15533713.000000,,
BATTERY,64,82.171787,15533713.000000,,
BATTERY,64,82.169220,15535953.000000,,
BATTERY,64,82.169220,15535953.000000,,
BATTERY,64,82.166909,15537970.000000,,
BATTERY,64,82.166909,15537970.000000,,
BATTERY,64,81.028264,16531696.000000,,
BATTERY,64,81.028264,16531696.000000,,
BATTERY,64,81.015487,16542847.000000,,
BATTERY,64,81.015487,16542847.000000,,
BATTERY,64,78.735864,18532336.000000,,
BATTERY,64,78.735864,18532336.000000,,
BATTERY,64,78.733289,18534584.000000,,
BATTERY,64,78.733289,18534584.000000,,
BATTERY,64,78.731019,18536565.000000,,
BATTERY,64,78.731019,18536565.000000,,
BATTERY,64,78.728828,18538477.000000,,
BATTERY,64,78.728828,18538477.000000,,
BATTERY,64,78.726737,18540302.000000,,
BATTERY,64,78.726737,18540302.000000,,
BATTERY,64,78.724537,18542222.000000,,
BATTERY,64,78.724537,18542222.000000,,
BATTERY,64,78.722368,18544115.000000,,
BATTERY,64,78.722368,18544115.000000,,
BATTERY,64,78.720246,18545967.000000,,
BATTERY,64,78.720246,18545967.000000,,
BATTERY,64,78.718077,18547860.000000,,
BATTERY,64,78.718077,18547860.000000,,
BATTERY,64,78.715954,18549712.000000,,
BATTERY,64,78.715954,18549712.000000,,
BATTERY,64,78.713785,18551605.000000,,
BATTERY,64,78.713785,18551605.000000,,
BATTERY,64,78.713607,18551761.000000,,
BATTERY,64,78.708421,18553458.000000,,
BATTERY,64,78.706253,18555350.000000,,
BATTERY,64,78.706253,18555350.000000,,
BATTERY,64,78.704053,18557270.000000,,
BATTERY,64,78.704053,18557270.000000,,
BATTERY,64,78.701962,18559095.000000,,
BATTERY,64,78.701962,18559095.000000,,
BATTERY,64,78.699505,18561240.000000,,
BATTERY,64,78.699505,18561240.000000,,
BATTERY,64,78.696571,18563800.000000,,
BATTERY,64,78.696571,18563800.000000,,
BATTERY,64,78.693013,18566905.000000,,
BATTERY,64,78.693013,18566905.000000,,
BATTERY,64,70.712524,25531696.000000,,
BATTERY,64,70.712524,25531696.000000,,
BATTERY,64,70.710213,25533713.000000,,
BATTERY,64,70.710213,25533713.000000,,
BATTERY,64,70.706435,25537010.000000,,
BATTERY,64,70.706435,25537010.000000,,
BATTERY,64,70.704124,25539027.000000,,
BATTERY,64,70.704124,25539027.000000,,
BATTERY,64,69.565957,26532336.000000,,
BATTERY,64,69.565957,26532336.000000,,
BATTERY,64,69.556126,26540916.000000,,
BATTERY,64,69.556126,26540916.000000,,
BATTERY,64,67.274290,28532336.000000,,
BATTERY,64,67.274290,28532336.000000,,
BATTERY,64,67.271740,28534562.000000,,
BATTERY,64,67.271740,28534562.000000,,
BATTERY,64,67.269649,28536387.000000,,
BATTERY,64,67.269649,28536387.000000,,
BATTERY,64,67.267462,28538295.000000,,
BATTERY,64,67.267462,28538295.000000,,
BATTERY,64,67.265357,28540132.000000,,
BATTERY,64,67.265357,28540132.000000,,
BATTERY,64,67.265115,28540344.000000,,
BATTERY,64,67.259929,28542041.000000,,
BATTERY,64,67.257825,28543877.000000,,
BATTERY,64,67.257825,28543877.000000,,
BATTERY,64,67.255639,28545785.000000,,
BATTERY,64,67.255639,28545785.000000,,
BATTERY,64,67.253534,28547622.000000,,
BATTERY,64,67.253534,28547622.000000,,
BATTERY,64,67.251348,28549530.000000,,
BATTERY,64,67.251348,28549530.000000,,
BATTERY,64,67.249243,28551367.000000,,
BATTERY,64,67.249243,28551367.000000,,
BATTERY,64,67.247057,28553275.000000,,
BATTERY,64,67.247057,28553275.000000,,
BATTERY,64,67.244952,28555112.000000,,
BATTERY,64,67.244952,28555112.000000,,
BATTERY,64,67.242861,28556937.000000,,
BATTERY,64,67.242861,28556937.000000,,
BATTERY,64,67.240661,28558857.000000,,
BATTERY,64,67.240661,28558857.000000,,
BATTERY,64,67.238203,28561002.000000,,
BATTERY,64,67.238203,28561002.000000,,
BATTERY,64,67.236112,28562827.000000,,
BATTERY,64,67.236112,28562827.000000,,
BATTERY,64,67.232079,28566347.000000,,
BATTERY,64,67.232079,28566347.000000,,
BATTERY,64,67.228521,28569452.000000,,
BATTERY,64,67.228521,28569452.000000,,
BATTERY,64,59.250583,35532016.000000,,
BATTERY,64,59.250583,35532016.000000,,
BATTERY,64,59.246438,35535633.000000,,
BATTERY,64,59.246438,35535633.000000,,
BATTERY,64,59.243027,35538610.000000,,
BATTERY,64,59.243027,35538610.000000,,
BATTERY,64,59.239616,35541587.000000,,
BATTERY,64,59.239616,35541587.000000,,
BATTERY,64,58.105116,36531696.000000,,
BATTERY,64,58.105116,36531696.000000,,
BATTERY,64,58.100307,36535893.000000,,
BATTERY,64,58.100307,36535893.000000,,
BATTERY,64,55.813450,38531696.000000,,
BATTERY,64,55.813450,38531696.000000,,
BATTERY,64,55.809592,38535063.000000,,
BATTERY,64,55.809592,38535063.000000,,
BATTERY,64,55.807477,38536908.000000,,
BATTERY,64,55.807477,38536908.000000,,
BATTERY,64,55.805315,38538795.000000,,
BATTERY,64,55.805315,38538795.000000,,
BATTERY,64,55.803186,38540653.000000,,
BATTERY,64,55.803186,38540653.000000,,
BATTERY,64,55.800966,38542591.000000,,
BATTERY,64,55.800966,38542591.000000,,
BATTERY,64,55.798875,38544416.000000,,
BATTERY,64,55.798875,38544416.000000,,
BATTERY,64,55.796675,38546336.000000,,
BATTERY,64,55.796675,38546336.000000,,
BATTERY,64,55.794583,38548161.000000,,
BATTERY,64,55.794583,38548161.000000,,
BATTERY,64,55.792383,38550081.000000,,
BATTERY,64,55.792383,38550081.000000,,
BATTERY,64,55.790292,38551906.000000,,
BATTERY,64,55.790292,38551906.000000,,
BATTERY,64,55.790036,38552130.000000,,
BATTERY,64,55.784850,38553827.000000,,
BATTERY,64,55.782760,38555651.000000,,
BATTERY,64,55.782760,38555651.000000,,
BATTERY,64,55.780560,38557571.000000,,
BATTERY,64,55.780560,38557571.000000,,
BATTERY,64,55.778469,38559396.000000,,
BATTERY,64,55.778469,38559396.000000,,
BATTERY,64,55.775903,38561636.000000,,
BATTERY,64,55.775903,38561636.000000,,
BATTERY,64,55.773703,38563556.000000,,
BATTERY,64,55.773703,38563556.000000,,
BATTERY,64,55.770878,38566021.000000,,
BATTERY,64,55.770878,38566021.000000,,
BATTERY,64,55.768420,38568166.000000,,
BATTERY,64,55.768420,38568166.000000,,
BATTERY,64,55.766329,38569991.000000,,
BATTERY,64,55.766329,38569991.000000,,
BATTERY,64,55.764129,38571911.000000,,
BATTERY,64,55.764129,38571911.000000,,
BATTERY,64,55.759838,38575656.000000,,
BATTERY,64,55.759838,38575656.000000,,
BATTERY,64,47.789375,45531696.000000,,
BATTERY,64,47.789375,45531696.000000,,
BATTERY,64,47.787175,45533616.000000,,
BATTERY,64,47.787175,45533616.000000,,
BATTERY,64,46.641709,46533296.000000,,
BATTERY,64,46.641709,46533296.000000,,
BATTERY,64,46.628481,46544840.000000,,
BATTERY,64,46.628481,46544840.000000,,
BATTERY,64,44.351142,48532336.000000,,
BATTERY,64,44.351142,48532336.000000,,
BATTERY,64,44.348723,48534447.000000,,
BATTERY,64,44.348723,48534447.000000,,
BATTERY,64,44.346632,48536272.000000,,
BATTERY,64,44.346632,48536272.000000,,
BATTERY,64,44.344541,48538097.000000,,
BATTERY,64,44.344541,48538097.000000,,
BATTERY,64,44.342341,48540017.000000,,
BATTERY,64,44.342341,48540017.000000,,
BATTERY,64,44.340250,48541842.000000,,
BATTERY,64,44.340250,48541842.000000,,
BATTERY,64,44.337952,48543847.000000,,
BATTERY,64,44.337952,48543847.000000,,
BATTERY,64,44.337805,48543976.000000,,
BATTERY,64,44.332619,48545673.000000,,
BATTERY,64,44.330420,48547592.000000,,
BATTERY,64,44.330420,48547592.000000,,
BATTERY,64,44.328329,48549417.000000,,
BATTERY,64,44.328329,48549417.000000,,
BATTERY,64,44.326129,48551337.000000,,
BATTERY,64,44.326129,48551337.000000,,
BATTERY,64,44.323929,48553257.000000,,
BATTERY,64,44.323929,48553257.000000,,
BATTERY,64,44.321838,48555082.000000,,
BATTERY,64,44.321838,48555082.000000,,
BATTERY,64,44.319747,48556907.000000,,
BATTERY,64,44.319747,48556907.000000,,
BATTERY,64,44.317180,48559147.000000,,
BATTERY,64,44.317180,48559147.000000,,
BATTERY,64,44.315089,48560972.000000,,
BATTERY,64,44.315089,48560972.000000,,
BATTERY,64,44.312523,48563212.000000,,
BATTERY,64,44.312523,48563212.000000,,
BATTERY,64,44.309698,48565677.000000,,
BATTERY,64,44.309698,48565677.000000,,
BATTERY,64,44.306507,48568462.000000,,
BATTERY,64,44.306507,48568462.000000,,
BATTERY,64,44.303316,48571247.000000,,
BATTERY,64,44.303316,48571247.000000,,
BATTERY,64,44.300858,48573392.000000,,
BATTERY,64,44.300858,48573392.000000,,
BATTERY,64,36.327801,55531696.000000,,
BATTERY,64,36.327801,55531696.000000,,
BATTERY,64,36.325490,55533713.000000,,
BATTERY,64,36.325490,55533713.000000,,
BATTERY,64,36.322446,55536370.000000,,
BATTERY,64,36.322446,55536370.000000,,
BATTERY,64,35.181968,56531696.000000,,
BATTERY,64,35.181968,56531696.000000,,
BATTERY,64,35.169070,56542952.000000,,
BATTERY,64,35.169070,56542952.000000,,
BATTERY,64,32.888101,58533616.000000,,
BATTERY,64,32.888101,58533616.000000,,
BATTERY,64,32.885913,58535526.000000,,
BATTERY,64,32.885913,58535526.000000,,
BATTERY,64,32.883730,58537431.000000,,
BATTERY,64,32.883730,58537431.000000,,
BATTERY,64,32.881639,58539256.000000,,
BATTERY,64,32.881639,58539256.000000,,
BATTERY,64,32.879530,58541096.000000,,
BATTERY,64,32.879530,58541096.000000,,
BATTERY,64,32.879254,58541337.000000,,
BATTERY,64,32.874069,58543034.000000,,
BATTERY,64,32.871930,58544901.000000,,
BATTERY,64,32.871930,58544901.000000,,
BATTERY,64,32.869779,58546778.000000,,
BATTERY,64,32.869779,58546778.000000,,
BATTERY,64,32.867600,58548680.000000,,
BATTERY,64,32.867600,58548680.000000,,
BATTERY,64,32.865488,58550523.000000,,
BATTERY,64,32.865488,58550523.000000,,
BATTERY,64,32.863309,58552425.000000,,
BATTERY,64,32.863309,58552425.000000,,
BATTERY,64,32.861197,58554268.000000,,
BATTERY,64,32.861197,58554268.000000,,
BATTERY,64,32.859017,58556170.000000,,
BATTERY,64,32.859017,58556170.000000,,
BATTERY,64,32.856906,58558013.000000,,
BATTERY,64,32.856906,58558013.000000,,
BATTERY,64,32.854360,58560235.000000,,
BATTERY,64,32.854360,58560235.000000,,
BATTERY,64,32.852160,58562155.000000,,
BATTERY,64,32.852160,58562155.000000,,
BATTERY,64,32.850068,58563980.000000,,
BATTERY,64,32.850068,58563980.000000,,
BATTERY,64,32.847223,58566463.000000,,
BATTERY,64,32.847223,58566463.000000,,
BATTERY,64,32.844765,58568608.000000,,
BATTERY,64,32.844765,58568608.000000,,
BATTERY,64,32.842308,58570753.000000,,
BATTERY,64,32.842308,58570753.000000,,
BATTERY,64,24.865127,65532656.000000,,
BATTERY,64,24.865127,65532656.000000,,
BATTERY,64,24.862449,65534993.000000,,
BATTERY,64,24.862449,65534993.000000,,
BATTERY,64,24.858305,65538610.000000,,
BATTERY,64,24.858305,65538610.000000,,
BATTERY,64,23.717827,66533936.000000,,
BATTERY,64,23.717827,66533936.000000,,
BATTERY,64,23.710080,66540697.000000,,
BATTERY,64,23.710080,66540697.000000,,
BATTERY,64,21.428727,68531696.000000,,
BATTERY,64,21.428727,68531696.000000,,
BATTERY,64,21.426140,68533954.000000,,
BATTERY,64,21.426140,68533954.000000,,
BATTERY,64,21.423977,68535842.000000,,
BATTERY,64,21.423977,68535842.000000,,
BATTERY,64,21.421885,68537667.000000,,
BATTERY,64,21.421885,68537667.000000,,
BATTERY,64,21.419685,68539587.000000,,
BATTERY,64,21.419685,68539587.000000,,
BATTERY,64,21.417594,68541412.000000,,
BATTERY,64,21.417594,68541412.000000,,
BATTERY,64,21.415394,68543332.000000,,
BATTERY,64,21.415394,68543332.000000,,
BATTERY,64,21.413128,68545310.000000,,
BATTERY,64,21.413128,68545310.000000,,
BATTERY,64,21.411037,68547135.000000,,
BATTERY,64,21.411037,68547135.000000,,
BATTERY,64,21.408837,68549055.000000,,
BATTERY,64,21.408837,68549055.000000,,
BATTERY,64,21.406745,68550880.000000,,
BATTERY,64,21.406745,68550880.000000,,
BATTERY,64,21.406122,68551424.000000,,
BATTERY,64,21.400937,68553121.000000,,
BATTERY,64,21.398847,68554945.000000,,
BATTERY,64,21.398847,68554945.000000,,
BATTERY,64,21.396647,68556865.000000,,
BATTERY,64,21.396647,68556865.000000,,
BATTERY,64,21.394556,68558690.000000,,
BATTERY,64,21.394556,68558690.000000,,
BATTERY,64,21.392465,68560515.000000,,
BATTERY,64,21.392465,68560515.000000,,
BATTERY,64,21.390265,68562435.000000,,
BATTERY,64,21.390265,68562435.000000,,
BATTERY,64,21.388065,68564355.000000,,
BATTERY,64,21.388065,68564355.000000,,
BATTERY,64,21.385973,68566180.000000,,
BATTERY,64,21.385973,68566180.000000,,
BATTERY,64,21.383773,68568100.000000,,
BATTERY,64,21.383773,68568100.000000,,
BATTERY,64,13.404653,75531696.000000,,
BATTERY,64,13.404653,75531696.000000,,
BATTERY,64,13.402453,75533616.000000,,
BATTERY,64,13.402453,75533616.000000,,
BATTERY,64,13.400142,75535633.000000,,
BATTERY,64,13.400142,75535633.000000,,
BATTERY,64,12.257720,76532656.000000,,
BATTERY,64,12.257720,76532656.000000,,
BATTERY,64,12.245138,76543636.000000,,
BATTERY,64,12.245138,76543636.000000,,
BATTERY,64,9.966420,78532336.000000,,
BATTERY,64,9.966420,78532336.000000,,
BATTERY,64,9.963749,78534667.000000,,
BATTERY,64,9.963749,78534667.000000,,
BATTERY,64,9.961291,78536812.000000,,
BATTERY,64,9.961291,78536812.000000,,
BATTERY,64,9.959114,78538712.000000,,
BATTERY,64,9.959114,78538712.000000,,
BATTERY,64,9.956899,78540645.000000,,
BATTERY,64,9.956899,78540645.000000,,
BATTERY,64,9.954808,78542470.000000,,
BATTERY,64,9.954808,78542470.000000,,
BATTERY,64,9.952608,78544390.000000,,
BATTERY,64,9.952608,78544390.000000,,
BATTERY,64,9.950517,78546215.000000,,
BATTERY,64,9.950517,78546215.000000,,
BATTERY,64,9.948317,78548135.000000,,
BATTERY,64,9.948317,78548135.000000,,
BATTERY,64,9.948169,78548264.000000,,
BATTERY,64,9.942984,78549961.000000,,
BATTERY,64,9.940785,78551880.000000,,
BATTERY,64,9.940785,78551880.000000,,
BATTERY,64,9.938694,78553705.000000,,
BATTERY,64,9.938694,78553705.000000,,
BATTERY,64,9.936494,78555625.000000,,
BATTERY,64,9.936494,78555625.000000,,
BATTERY,64,9.934402,78557450.000000,,
BATTERY,64,9.934402,78557450.000000,,
BATTERY,64,9.932202,78559370.000000,,
BATTERY,64,9.932202,78559370.000000,,
BATTERY,64,9.930002,78561290.000000,,
BATTERY,64,9.930002,78561290.000000,,
BATTERY,64,9.925711,78565035.000000,,
BATTERY,64,9.925711,78565035.000000,,
BATTERY,64,1.942712,85532016.000000,,
BATTERY,64,1.942712,85532016.000000,,
BATTERY,64,1.940768,85533713.000000,,
BATTERY,64,1.940768,85533713.000000,,
BATTERY,64,1.938201,85535953.000000,,
BATTERY,64,1.938201,85535953.000000,,
BATTERY,64,0.796512,86532336.000000,,
BATTERY,64,0.796512,86532336.000000,,
BATTERY,64,0.787435,86540258.000000,,
BATTERY,64,0.787435,86540258.000000,,
BATTERY,64,0.000000,88533936.000000,,
BATTERY,64,0.000000,499530000.000000,,
