BATTERY,81,99.996920,2016.000000,,
BATTERY,81,99.996920,2016.000000,,
BATTERY,81,99.994327,3713.000000,,
BATTERY,81,99.994327,3713.000000,,
BATTERY,81,99.991246,5730.000000,,
BATTERY,81,99.991246,5730.000000,,
BATTERY,81,99.988653,7427.000000,,
BATTERY,81,99.988653,7427.000000,,
BATTERY,81,99.982638,11364.000000,,
BATTERY,81,99.982638,11364.000000,,
BATTERY,81,99.951087,32016.000000,,
BATTERY,81,99.951087,32016.000000,,
BATTERY,81,99.948494,33713.000000,,
BATTERY,81,99.948494,33713.000000,,
BATTERY,81,99.945901,35410.000000,,
BATTERY,81,99.945901,35410.000000,,
BATTERY,81,99.942624,37555.000000,,
BATTERY,81,99.942624,37555.000000,,
BATTERY,81,99.939836,39380.000000,,
BATTERY,81,99.939836,39380.000000,,
BATTERY,81,99.936903,41300.000000,,
BATTERY,81,99.936903,41300.000000,,
BATTERY,81,99.934073,43152.000000,,
BATTERY,81,99.934073,43152.000000,,
BATTERY,81,99.931181,45045.000000,,
BATTERY,81,99.931181,45045.000000,,
BATTERY,81,99.928352,46897.000000,,
BATTERY,81,99.928352,46897.000000,,
BATTERY,81,99.925460,48790.000000,,
BATTERY,81,99.925460,48790.000000,,
BATTERY,81,99.925118,49014.000000,,
BATTERY,81,99.918204,50711.000000,,
BATTERY,81,99.915417,52535.000000,,
BATTERY,81,99.915417,52535.000000,,
BATTERY,81,99.912588,54387.000000,,
BATTERY,81,99.912588,54387.000000,,
BATTERY,81,99.909696,56280.000000,,
BATTERY,81,99.909696,56280.000000,,
BATTERY,81,99.906866,58132.000000,,
BATTERY,81,99.906866,58132.000000,,
BATTERY,81,99.903974,60025.000000,,
BATTERY,81,99.903974,60025.000000,,
BATTERY,81,99.901145,61877.000000,,
BATTERY,81,99.901145,61877.000000,,
BATTERY,81,99.898211,63797.000000,,
BATTERY,81,99.898211,63797.000000,,
BATTERY,81,99.894934,65942.000000,,
BATTERY,81,99.894934,65942.000000,,
BATTERY,81,99.892001,67862.000000,,
BATTERY,81,99.892001,67862.000000,,
BATTERY,81,99.183366,531696.000000,,
BATTERY,81,99.183366,531696.000000,,
BATTERY,81,99.180498,533573.000000,,
BATTERY,81,99.180498,533573.000000,,
BATTERY,81,99.177840,535313.000000,,
BATTERY,81,99.177840,535313.000000,,
BATTERY,81,99.175051,537138.000000,,
BATTERY,81,99.175051,537138.000000,,
BATTERY,81,99.172091,539076.000000,,
BATTERY,81,99.172091,539076.000000,,
BATTERY,81,99.169302,540901.000000,,
BATTERY,81,99.169302,540901.000000,,
BATTERY,81,99.166247,542901.000000,,
BATTERY,81,99.166247,542901.000000,,
BATTERY,81,99.163459,544726.000000,,
BATTERY,81,99.163459,544726.000000,,
BATTERY,81,99.160525,546646.000000,,
BATTERY,81,99.160525,546646.000000,,
BATTERY,81,99.157737,548471.000000,,
BATTERY,81,99.157737,548471.000000,,
BATTERY,81,99.154804,550391.000000,,
BATTERY,81,99.154804,550391.000000,,
BATTERY,81,99.152016,552216.000000,,
BATTERY,81,99.152016,552216.000000,,
BATTERY,81,99.149082,554136.000000,,
BATTERY,81,99.149082,554136.000000,,
BATTERY,81,99.148885,554265.000000,,
BATTERY,81,99.141971,555962.000000,,
BATTERY,81,99.139040,557881.000000,,
BATTERY,81,99.139040,557881.000000,,
BATTERY,81,99.136251,559706.000000,,
BATTERY,81,99.136251,559706.000000,,
BATTERY,81,99.133318,561626.000000,,
BATTERY,81,99.133318,561626.000000,,
BATTERY,81,99.130530,563451.000000,,
BATTERY,81,99.130530,563451.000000,,
BATTERY,81,99.127303,565563.000000,,
BATTERY,81,99.127303,565563.000000,,
BATTERY,81,99.124515,567388.000000,,
BATTERY,81,99.124515,567388.000000,,
BATTERY,81,99.121238,569533.000000,,
BATTERY,81,99.121238,569533.000000,,
BATTERY,81,98.460500,1002016.000000,,
BATTERY,81,98.460500,1002016.000000,,
BATTERY,81,98.414667,1032016.000000,,
BATTERY,81,98.414667,1032016.000000,,
BATTERY,81,97.650778,1532016.000000,,
BATTERY,81,97.650778,1532016.000000,,
BATTERY,81,97.647704,1534028.000000,,
BATTERY,81,97.647704,1534028.000000,,
BATTERY,81,97.644916,1535853.000000,,
BATTERY,81,97.644916,1535853.000000,,
BATTERY,81,97.641984,1537772.000000,,
BATTERY,81,97.641984,1537772.000000,,
BATTERY,81,97.639194,1539598.000000,,
BATTERY,81,97.639194,1539598.000000,,
BATTERY,81,97.636262,1541517.000000,,
BATTERY,81,97.636262,1541517.000000,,
BATTERY,81,97.633473,1543343.000000,,
BATTERY,81,97.633473,1543343.000000,,
BATTERY,81,97.630541,1545262.000000,,
BATTERY,81,97.630541,1545262.000000,,
BATTERY,81,97.627751,1547088.000000,,
BATTERY,81,97.627751,1547088.000000,,
BATTERY,81,97.624819,1549007.000000,,
BATTERY,81,97.624819,1549007.000000,,
BATTERY,81,97.622030,1550833.000000,,
BATTERY,81,97.622030,1550833.000000,,
BATTERY,81,97.621689,1551056.000000,,
BATTERY,81,97.614775,1552753.000000,,
BATTERY,81,97.611989,1554577.000000,,
BATTERY,81,97.611989,1554577.000000,,
BATTERY,81,97.609055,1556497.000000,,
BATTERY,81,97.609055,1556497.000000,,
BATTERY,81,97.606267,1558322.000000,,
BATTERY,81,97.606267,1558322.000000,,
BATTERY,81,97.602990,1560467.000000,,
BATTERY,81,97.602990,1560467.000000,,
BATTERY,81,97.600057,1562387.000000,,
BATTERY,81,97.600057,1562387.000000,,
BATTERY,81,97.595802,1565172.000000,,
BATTERY,81,97.595802,1565172.000000,,
BATTERY,81,97.576391,1577877.000000,,
BATTERY,81,97.576391,1577877.000000,,
BATTERY,81,96.117701,2532656.000000,,
BATTERY,81,96.117701,2532656.000000,,
BATTERY,81,96.114814,2534546.000000,,
BATTERY,81,96.114814,2534546.000000,,
BATTERY,81,96.112000,2536388.000000,,
BATTERY,81,96.112000,2536388.000000,,
BATTERY,81,96.109008,2538346.000000,,
BATTERY,81,96.109008,2538346.000000,,
BATTERY,81,96.106220,2540171.000000,,
BATTERY,81,96.106220,2540171.000000,,
BATTERY,81,96.103287,2542091.000000,,
BATTERY,81,96.103287,2542091.000000,,
BATTERY,81,96.100498,2543916.000000,,
BATTERY,81,96.100498,2543916.000000,,
BATTERY,81,96.097565,2545836.000000,,
BATTERY,81,96.097565,2545836.000000,,
BATTERY,81,96.094777,2547661.000000,,
BATTERY,81,96.094777,2547661.000000,,
BATTERY,81,96.094435,2547885.000000,,
BATTERY,81,96.087521,2549582.000000,,
BATTERY,81,96.084734,2551406.000000,,
BATTERY,81,96.084734,2551406.000000,,
BATTERY,81,96.081801,2553326.000000,,
BATTERY,81,96.081801,2553326.000000,,
BATTERY,81,96.079013,2555151.000000,,
BATTERY,81,96.079013,2555151.000000,,
BATTERY,81,96.076079,2557071.000000,,
BATTERY,81,96.076079,2557071.000000,,
BATTERY,81,96.073291,2558896.000000,,
BATTERY,81,96.073291,2558896.000000,,
BATTERY,81,96.070358,2560816.000000,,
BATTERY,81,96.070358,2560816.000000,,
BATTERY,81,96.067570,2562641.000000,,
BATTERY,81,96.067570,2562641.000000,,
BATTERY,81,96.064636,2564561.000000,,
BATTERY,81,96.064636,2564561.000000,,
BATTERY,81,96.061848,2566386.000000,,
BATTERY,81,96.061848,2566386.000000,,
BATTERY,81,96.057593,2569171.000000,,
BATTERY,81,96.057593,2569171.000000,,
BATTERY,81,96.054316,2571316.000000,,
BATTERY,81,96.054316,2571316.000000,,
BATTERY,81,95.396302,3002016.000000,,
BATTERY,81,95.396302,3002016.000000,,
BATTERY,81,95.349002,3032976.000000,,
BATTERY,81,95.349002,3032976.000000,,
BATTERY,81,95.344095,3036188.000000,,
BATTERY,81,95.344095,3036188.000000,,
BATTERY,81,95.341307,3038013.000000,,
BATTERY,81,95.341307,3038013.000000,,
BATTERY,81,95.338264,3040005.000000,,
BATTERY,81,95.338264,3040005.000000,,
BATTERY,81,95.335211,3042003.000000,,
BATTERY,81,95.335211,3042003.000000,,
BATTERY,81,95.334869,3042227.000000,,
BATTERY,81,95.327955,3043924.000000,,
BATTERY,81,95.325169,3045748.000000,,
BATTERY,81,95.325169,3045748.000000,,
BATTERY,81,95.322180,3047704.000000,,
BATTERY,81,95.322180,3047704.000000,,
BATTERY,81,95.319392,3049529.000000,,
BATTERY,81,95.319392,3049529.000000,,
BATTERY,81,95.316459,3051449.000000,,
BATTERY,81,95.316459,3051449.000000,,
BATTERY,81,95.313671,3053274.000000,,
BATTERY,81,95.313671,3053274.000000,,
BATTERY,81,95.310737,3055194.000000,,
BATTERY,81,95.310737,3055194.000000,,
BATTERY,81,95.307949,3057019.000000,,
BATTERY,81,95.307949,3057019.000000,,
BATTERY,81,95.305016,3058939.000000,,
BATTERY,81,95.305016,3058939.000000,,
BATTERY,81,95.302227,3060764.000000,,
BATTERY,81,95.302227,3060764.000000,,
BATTERY,81,95.299294,3062684.000000,,
BATTERY,81,95.299294,3062684.000000,,
BATTERY,81,95.296361,3064604.000000,,
BATTERY,81,95.296361,3064604.000000,,
BATTERY,81,95.293573,3066429.000000,,
BATTERY,81,95.293573,3066429.000000,,
BATTERY,81,95.290784,3068254.000000,,
BATTERY,81,95.290784,3068254.000000,,
BATTERY,81,95.287851,3070174.000000,,
BATTERY,81,95.287851,3070174.000000,,
BATTERY,81,95.285063,3071999.000000,,
BATTERY,81,95.285063,3071999.000000,,
BATTERY,81,95.281641,3074239.000000,,
BATTERY,81,95.281641,3074239.000000,,
BATTERY,81,95.276408,3077664.000000,,
BATTERY,81,95.276408,3077664.000000,,
BATTERY,81,94.582748,3531696.000000,,
BATTERY,81,94.582748,3531696.000000,,
BATTERY,81,94.579666,3533713.000000,,
BATTERY,81,94.579666,3533713.000000,,
BATTERY,81,94.575607,3536370.000000,,
BATTERY,81,94.575607,3536370.000000,,
BATTERY,81,94.570570,3539667.000000,,
BATTERY,81,94.570570,3539667.000000,,
BATTERY,81,93.052526,4533296.000000,,
BATTERY,81,93.052526,4533296.000000,,
BATTERY,81,93.049120,4535525.000000,,
BATTERY,81,93.049120,4535525.000000,,
BATTERY,81,93.046134,4537480.000000,,
BATTERY,81,93.046134,4537480.000000,,
BATTERY,81,93.043345,4539305.000000,,
BATTERY,81,93.043345,4539305.000000,,
BATTERY,81,93.040530,4541148.000000,,
BATTERY,81,93.040530,4541148.000000,,
BATTERY,81,93.037624,4543050.000000,,
BATTERY,81,93.037624,4543050.000000,,
BATTERY,81,93.034808,4544893.000000,,
BATTERY,81,93.034808,4544893.000000,,
BATTERY,81,93.031902,4546795.000000,,
BATTERY,81,93.031902,4546795.000000,,
BATTERY,81,93.029087,4548638.000000,,
BATTERY,81,93.029087,4548638.000000,,
BATTERY,81,93.026181,4550540.000000,,
BATTERY,81,93.026181,4550540.000000,,
BATTERY,81,93.023365,4552383.000000,,
BATTERY,81,93.023365,4552383.000000,,
BATTERY,81,93.020432,4554303.000000,,
BATTERY,81,93.020432,4554303.000000,,
BATTERY,81,93.017839,4556000.000000,,
BATTERY,81,93.017839,4556000.000000,,
BATTERY,81,93.017642,4556129.000000,,
BATTERY,81,93.010728,4557826.000000,,
BATTERY,81,93.007942,4559650.000000,,
BATTERY,81,93.007942,4559650.000000,,
BATTERY,81,93.005008,4561570.000000,,
BATTERY,81,93.005008,4561570.000000,,
BATTERY,81,93.002220,4563395.000000,,
BATTERY,81,93.002220,4563395.000000,,
BATTERY,81,92.998943,4565540.000000,,
BATTERY,81,92.998943,4565540.000000,,
BATTERY,81,92.996010,4567460.000000,,
BATTERY,81,92.996010,4567460.000000,,
BATTERY,81,92.993222,4569285.000000,,
BATTERY,81,92.993222,4569285.000000,,
BATTERY,81,89.993138,6532976.000000,,
BATTERY,81,89.993138,6532976.000000,,
BATTERY,81,89.989548,6535326.000000,,
BATTERY,81,89.989548,6535326.000000,,
BATTERY,81,89.986737,6537166.000000,,
BATTERY,81,89.986737,6537166.000000,,
BATTERY,81,89.983948,6538991.000000,,
BATTERY,81,89.983948,6538991.000000,,
BATTERY,81,89.981015,6540911.000000,,
BATTERY,81,89.981015,6540911.000000,,
BATTERY,81,89.978002,6542883.000000,,
BATTERY,81,89.978002,6542883.000000,,
BATTERY,81,89.977660,6543107.000000,,
BATTERY,81,89.970746,6544804.000000,,
BATTERY,81,89.967960,6546628.000000,,
BATTERY,81,89.967960,6546628.000000,,
BATTERY,81,89.965172,6548453.000000,,
BATTERY,81,89.965172,6548453.000000,,
BATTERY,81,89.962238,6550373.000000,,
BATTERY,81,89.962238,6550373.000000,,
BATTERY,81,89.959450,6552198.000000,,
BATTERY,81,89.959450,6552198.000000,,
BATTERY,81,89.956662,6554023.000000,,
BATTERY,81,89.956662,6554023.000000,,
BATTERY,81,89.953240,6556263.000000,,
BATTERY,81,89.953240,6556263.000000,,
BATTERY,81,89.950451,6558088.000000,,
BATTERY,81,89.950451,6558088.000000,,
BATTERY,81,89.947029,6560328.000000,,
BATTERY,81,89.947029,6560328.000000,,
BATTERY,81,89.944241,6562153.000000,,
BATTERY,81,89.944241,6562153.000000,,
BATTERY,81,89.940819,6564393.000000,,
BATTERY,81,89.940819,6564393.000000,,
BATTERY,81,89.938031,6566218.000000,,
BATTERY,81,89.938031,6566218.000000,,
BATTERY,81,89.932798,6569643.000000,,
BATTERY,81,89.932798,6569643.000000,,
BATTERY,81,89.929032,6572108.000000,,
BATTERY,81,89.929032,6572108.000000,,
BATTERY,81,88.462506,7532016.000000,,
BATTERY,81,88.462506,7532016.000000,,
BATTERY,81,88.458447,7534673.000000,,
BATTERY,81,88.458447,7534673.000000,,
BATTERY,81,88.454387,7537330.000000,,
BATTERY,81,88.454387,7537330.000000,,
BATTERY,81,88.449350,7540627.000000,,
BATTERY,81,88.449350,7540627.000000,,
BATTERY,81,86.933261,8532976.000000,,
BATTERY,81,86.933261,8532976.000000,,
BATTERY,81,86.929764,8535265.000000,,
BATTERY,81,86.929764,8535265.000000,,
BATTERY,81,86.926976,8537090.000000,,
BATTERY,81,86.926976,8537090.000000,,
BATTERY,81,86.926658,8537298.000000,,
BATTERY,81,86.919745,8538995.000000,,
BATTERY,81,86.916934,8540835.000000,,
BATTERY,81,86.916934,8540835.000000,,
BATTERY,81,86.914025,8542739.000000,,
BATTERY,81,86.914025,8542739.000000,,
BATTERY,81,86.911212,8544580.000000,,
BATTERY,81,86.911212,8544580.000000,,
BATTERY,81,86.908303,8546484.000000,,
BATTERY,81,86.908303,8546484.000000,,
BATTERY,81,86.905491,8548325.000000,,
BATTERY,81,86.905491,8548325.000000,,
BATTERY,81,86.902582,8550229.000000,,
BATTERY,81,86.902582,8550229.000000,,
BATTERY,81,86.899769,8552070.000000,,
BATTERY,81,86.899769,8552070.000000,,
BATTERY,81,86.896860,8553974.000000,,
BATTERY,81,86.896860,8553974.000000,,
BATTERY,81,86.894072,8555799.000000,,
BATTERY,81,86.894072,8555799.000000,,
BATTERY,81,86.890650,8558039.000000,,
BATTERY,81,86.890650,8558039.000000,,
BATTERY,81,86.887373,8560184.000000,,
BATTERY,81,86.887373,8560184.000000,,
BATTERY,81,86.884439,8562104.000000,,
BATTERY,81,86.884439,8562104.000000,,
BATTERY,81,86.881651,8563929.000000,,
BATTERY,81,86.881651,8563929.000000,,
BATTERY,81,86.877396,8566714.000000,,
BATTERY,81,86.877396,8566714.000000,,
BATTERY,81,86.871675,8570459.000000,,
BATTERY,81,86.871675,8570459.000000,,
BATTERY,81,83.871918,10533936.000000,,
BATTERY,81,83.871918,10533936.000000,,
BATTERY,81,83.868803,10535975.000000,,
BATTERY,81,83.868803,10535975.000000,,
BATTERY,81,83.865526,10538120.000000,,
BATTERY,81,83.865526,10538120.000000,,
BATTERY,81,83.862738,10539945.000000,,
BATTERY,81,83.862738,10539945.000000,,
BATTERY,81,83.859804,10541865.000000,,
BATTERY,81,83.859804,10541865.000000,,
BATTERY,81,83.857016,10543690.000000,,
BATTERY,81,83.857016,10543690.000000,,
BATTERY,81,83.854083,10545610.000000,,
BATTERY,81,83.854083,10545610.000000,,
BATTERY,81,83.851295,10547435.000000,,
BATTERY,81,83.851295,10547435.000000,,
BATTERY,81,83.848361,10549355.000000,,
BATTERY,81,83.848361,10549355.000000,,
BATTERY,81,83.845573,10551180.000000,,
BATTERY,81,83.845573,10551180.000000,,
BATTERY,81,83.842640,10553100.000000,,
BATTERY,81,83.842640,10553100.000000,,
BATTERY,81,83.839852,10554925.000000,,
BATTERY,81,83.839852,10554925.000000,,
BATTERY,81,83.836918,10556845.000000,,
BATTERY,81,83.836918,10556845.000000,,
BATTERY,81,83.836721,10556974.000000,,
BATTERY,81,83.829808,10558671.000000,,
BATTERY,81,83.826876,10560590.000000,,
BATTERY,81,83.826876,10560590.000000,,
BATTERY,81,83.824088,10562415.000000,,
BATTERY,81,83.824088,10562415.000000,,
BATTERY,81,83.821299,10564240.000000,,
BATTERY,81,83.821299,10564240.000000,,
BATTERY,81,83.818511,10566065.000000,,
BATTERY,81,83.818511,10566065.000000,,
BATTERY,81,83.815578,10567985.000000,,
BATTERY,81,83.815578,10567985.000000,,
BATTERY,81,83.812790,10569810.000000,,
BATTERY,81,83.812790,10569810.000000,,
BATTERY,81,83.809856,10571730.000000,,
BATTERY,81,83.809856,10571730.000000,,
BATTERY,81,83.806579,10573875.000000,,
BATTERY,81,83.806579,10573875.000000,,
BATTERY,81,83.802324,10576660.000000,,
BATTERY,81,83.802324,10576660.000000,,
BATTERY,81,76.231642,15532016.000000,,
BATTERY,81,76.231642,15532016.000000,,
BATTERY,81,76.229049,15533713.000000,,
BATTERY,81,76.229049,15533713.000000,,
BATTERY,81,76.225627,15535953.000000,,
BATTERY,81,76.225627,15535953.000000,,
BATTERY,81,76.222545,15537970.000000,,
BATTERY,81,76.222545,15537970.000000,,
BATTERY,81,74.704353,16531696.000000,,
BATTERY,81,74.704353,16531696.000000,,
BATTERY,81,74.687316,16542847.000000,,
BATTERY,81,74.687316,16542847.000000,,
BATTERY,81,71.647819,18532336.000000,,
BATTERY,81,71.647819,18532336.000000,,
BATTERY,81,71.644385,18534584.000000,,
BATTERY,81,71.644385,18534584.000000,,
BATTERY,81,71.641358,18536565.000000,,
BATTERY,81,71.641358,18536565.000000,,
BATTERY,81,71.638437,18538477.000000,,
BATTERY,81,71.638437,18538477.000000,,
BATTERY,81,71.635649,18540302.000000,,
BATTERY,81,71.635649,18540302.000000,,
BATTERY,81,71.632716,18542222.000000,,
BATTERY,81,71.632716,18542222.000000,,
BATTERY,81,71.629824,18544115.000000,,
BATTERY,81,71.629824,18544115.000000,,
BATTERY,81,71.629481,18544339.000000,,
BATTERY,81,71.622568,18546036.000000,,
BATTERY,81,71.619781,18547860.000000,,
BATTERY,81,71.619781,18547860.000000,,
BATTERY,81,71.616952,18549712.000000,,
BATTERY,81,71.616952,18549712.000000,,
BATTERY,81,71.614059,18551605.000000,,
BATTERY,81,71.614059,18551605.000000,,
BATTERY,81,71.611230,18553457.000000,,
BATTERY,81,71.611230,18553457.000000,,
BATTERY,81,71.608338,18555350.000000,,
BATTERY,81,71.608338,18555350.000000,,
BATTERY,81,71.605405,18557270.000000,,
BATTERY,81,71.605405,18557270.000000,,
BATTERY,81,71.602616,18559095.000000,,
BATTERY,81,71.602616,18559095.000000,,
BATTERY,81,71.599339,18561240.000000,,
BATTERY,81,71.599339,18561240.000000,,
BATTERY,81,71.595428,18563800.000000,,
BATTERY,81,71.595428,18563800.000000,,
BATTERY,81,71.590684,18566905.000000,,
BATTERY,81,71.590684,18566905.000000,,
BATTERY,81,60.950032,25531696.000000,,
BATTERY,81,60.950032,25531696.000000,,
BATTERY,81,60.946950,25533713.000000,,
BATTERY,81,60.946950,25533713.000000,,
BATTERY,81,60.941913,25537010.000000,,
BATTERY,81,60.941913,25537010.000000,,
BATTERY,81,60.938831,25539027.000000,,
BATTERY,81,60.938831,25539027.000000,,
BATTERY,81,59.421276,26532336.000000,,
BATTERY,81,59.421276,26532336.000000,,
BATTERY,81,59.408168,26540916.000000,,
BATTERY,81,59.408168,26540916.000000,,
BATTERY,81,56.365720,28532336.000000,,
BATTERY,81,56.365720,28532336.000000,,
BATTERY,81,56.362320,28534562.000000,,
BATTERY,81,56.362320,28534562.000000,,
BATTERY,81,56.359531,28536387.000000,,
BATTERY,81,56.359531,28536387.000000,,
BATTERY,81,56.356616,28538295.000000,,
BATTERY,81,56.356616,28538295.000000,,
BATTERY,81,56.353810,28540132.000000,,
BATTERY,81,56.353810,28540132.000000,,
BATTERY,81,56.350895,28542040.000000,,
BATTERY,81,56.350895,28542040.000000,,
BATTERY,81,56.348088,28543877.000000,,
BATTERY,81,56.348088,28543877.000000,,
BATTERY,81,56.345173,28545785.000000,,
BATTERY,81,56.345173,28545785.000000,,
BATTERY,81,56.342367,28547622.000000,,
BATTERY,81,56.342367,28547622.000000,,
BATTERY,81,56.339452,28549530.000000,,
BATTERY,81,56.339452,28549530.000000,,
BATTERY,81,56.339110,28549754.000000,,
BATTERY,81,56.332196,28551451.000000,,
BATTERY,81,56.329409,28553275.000000,,
BATTERY,81,56.329409,28553275.000000,,
BATTERY,81,56.326603,28555112.000000,,
BATTERY,81,56.326603,28555112.000000,,
BATTERY,81,56.323815,28556937.000000,,
BATTERY,81,56.323815,28556937.000000,,
BATTERY,81,56.320881,28558857.000000,,
BATTERY,81,56.320881,28558857.000000,,
BATTERY,81,56.317604,28561002.000000,,
BATTERY,81,56.317604,28561002.000000,,
BATTERY,81,56.314816,28562827.000000,,
BATTERY,81,56.314816,28562827.000000,,
BATTERY,81,56.309438,28566347.000000,,
BATTERY,81,56.309438,28566347.000000,,
BATTERY,81,56.304694,28569452.000000,,
BATTERY,81,56.304694,28569452.000000,,
BATTERY,81,45.667444,35532016.000000,,
BATTERY,81,45.667444,35532016.000000,,
BATTERY,81,45.661918,35535633.000000,,
BATTERY,81,45.661918,35535633.000000,,
BATTERY,81,45.657370,35538610.000000,,
BATTERY,81,45.657370,35538610.000000,,
BATTERY,81,45.652821,35541587.000000,,
BATTERY,81,45.652821,35541587.000000,,
BATTERY,81,44.140155,36531696.000000,,
BATTERY,81,44.140155,36531696.000000,,
BATTERY,81,44.133743,36535893.000000,,
BATTERY,81,44.133743,36535893.000000,,
BATTERY,81,41.084599,38531696.000000,,
BATTERY,81,41.084599,38531696.000000,,
BATTERY,81,41.079455,38535063.000000,,
BATTERY,81,41.079455,38535063.000000,,
BATTERY,81,41.079133,38535274.000000,,
BATTERY,81,41.072219,38536971.000000,,
BATTERY,81,41.069433,38538795.000000,,
BATTERY,81,41.069433,38538795.000000,,
BATTERY,81,41.066594,38540653.000000,,
BATTERY,81,41.066594,38540653.000000,,
BATTERY,81,41.063633,38542591.000000,,
BATTERY,81,41.063633,38542591.000000,,
BATTERY,81,41.060845,38544416.000000,,
BATTERY,81,41.060845,38544416.000000,,
BATTERY,81,41.057912,38546336.000000,,
BATTERY,81,41.057912,38546336.000000,,
BATTERY,81,41.055123,38548161.000000,,
BATTERY,81,41.055123,38548161.000000,,
BATTERY,81,41.052190,38550081.000000,,
BATTERY,81,41.052190,38550081.000000,,
BATTERY,81,41.049402,38551906.000000,,
BATTERY,81,41.049402,38551906.000000,,
BATTERY,81,41.046469,38553826.000000,,
BATTERY,81,41.046469,38553826.000000,,
BATTERY,81,41.043680,38555651.000000,,
BATTERY,81,41.043680,38555651.000000,,
BATTERY,81,41.040747,38557571.000000,,
BATTERY,81,41.040747,38557571.000000,,
BATTERY,81,41.037959,38559396.000000,,
BATTERY,81,41.037959,38559396.000000,,
BATTERY,81,41.034537,38561636.000000,,
BATTERY,81,41.034537,38561636.000000,,
BATTERY,81,41.031603,38563556.000000,,
BATTERY,81,41.031603,38563556.000000,,
BATTERY,81,41.027837,38566021.000000,,
BATTERY,81,41.027837,38566021.000000,,
BATTERY,81,41.024560,38568166.000000,,
BATTERY,81,41.024560,38568166.000000,,
BATTERY,81,41.021772,38569991.000000,,
BATTERY,81,41.021772,38569991.000000,,
BATTERY,81,41.018839,38571911.000000,,
BATTERY,81,41.018839,38571911.000000,,
BATTERY,81,41.013117,38575656.000000,,
BATTERY,81,41.013117,38575656.000000,,
BATTERY,81,30.385834,45531696.000000,,
BATTERY,81,30.385834,45531696.000000,,
BATTERY,81,30.382901,45533616.000000,,
BATTERY,81,30.382901,45533616.000000,,
BATTERY,81,28.855612,46533296.000000,,
BATTERY,81,28.855612,46533296.000000,,
BATTERY,81,28.837975,46544840.000000,,
BATTERY,81,28.837975,46544840.000000,,
BATTERY,81,25.801523,48532336.000000,,
BATTERY,81,25.801523,48532336.000000,,
BATTERY,81,25.798298,48534447.000000,,
BATTERY,81,25.798298,48534447.000000,,
BATTERY,81,25.795509,48536272.000000,,
BATTERY,81,25.795509,48536272.000000,,
BATTERY,81,25.792721,48538097.000000,,
BATTERY,81,25.792721,48538097.000000,,
BATTERY,81,25.792379,48538321.000000,,
BATTERY,81,25.785465,48540018.000000,,
BATTERY,81,25.782679,48541842.000000,,
BATTERY,81,25.782679,48541842.000000,,
BATTERY,81,25.779615,48543847.000000,,
BATTERY,81,25.779615,48543847.000000,,
BATTERY,81,25.776827,48545672.000000,,
BATTERY,81,25.776827,48545672.000000,,
BATTERY,81,25.773894,48547592.000000,,
BATTERY,81,25.773894,48547592.000000,,
BATTERY,81,25.771106,48549417.000000,,
BATTERY,81,25.771106,48549417.000000,,
BATTERY,81,25.768172,48551337.000000,,
BATTERY,81,25.768172,48551337.000000,,
BATTERY,81,25.765239,48553257.000000,,
BATTERY,81,25.765239,48553257.000000,,
BATTERY,81,25.762451,48555082.000000,,
BATTERY,81,25.762451,48555082.000000,,
BATTERY,81,25.759663,48556907.000000,,
BATTERY,81,25.759663,48556907.000000,,
BATTERY,81,25.756240,48559147.000000,,
BATTERY,81,25.756240,48559147.000000,,
BATTERY,81,25.753452,48560972.000000,,
BATTERY,81,25.753452,48560972.000000,,
BATTERY,81,25.750030,48563212.000000,,
BATTERY,81,25.750030,48563212.000000,,
BATTERY,81,25.746264,48565677.000000,,
BATTERY,81,25.746264,48565677.000000,,
BATTERY,81,25.742009,48568462.000000,,
BATTERY,81,25.742009,48568462.000000,,
BATTERY,81,25.737754,48571247.000000,,
BATTERY,81,25.737754,48571247.000000,,
BATTERY,81,25.734477,48573392.000000,,
BATTERY,81,25.734477,48573392.000000,,
BATTERY,81,15.103735,55531696.000000,,
BATTERY,81,15.103735,55531696.000000,,
BATTERY,81,15.100654,55533713.000000,,
BATTERY,81,15.100654,55533713.000000,,
BATTERY,81,15.096594,55536370.000000,,
BATTERY,81,15.096594,55536370.000000,,
BATTERY,81,13.575957,56531696.000000,,
BATTERY,81,13.575957,56531696.000000,,
BATTERY,81,13.558761,56542952.000000,,
BATTERY,81,13.558761,56542952.000000,,
BATTERY,81,10.517468,58533616.000000,,
BATTERY,81,10.517468,58533616.000000,,
BATTERY,81,10.514550,58535526.000000,,
BATTERY,81,10.514550,58535526.000000,,
BATTERY,81,10.511640,58537431.000000,,
BATTERY,81,10.511640,58537431.000000,,
BATTERY,81,10.508852,58539256.000000,,
BATTERY,81,10.508852,58539256.000000,,
BATTERY,81,10.506041,58541096.000000,,
BATTERY,81,10.506041,58541096.000000,,
BATTERY,81,10.503081,58543033.000000,,
BATTERY,81,10.503081,58543033.000000,,
BATTERY,81,10.502819,58543205.000000,,
BATTERY,81,10.495905,58544902.000000,,
BATTERY,81,10.493039,58546778.000000,,
BATTERY,81,10.493039,58546778.000000,,
BATTERY,81,10.490133,58548680.000000,,
BATTERY,81,10.490133,58548680.000000,,
BATTERY,81,10.487317,58550523.000000,,
BATTERY,81,10.487317,58550523.000000,,
BATTERY,81,10.484411,58552425.000000,,
BATTERY,81,10.484411,58552425.000000,,
BATTERY,81,10.481596,58554268.000000,,
BATTERY,81,10.481596,58554268.000000,,
BATTERY,81,10.478690,58556170.000000,,
BATTERY,81,10.478690,58556170.000000,,
BATTERY,81,10.475874,58558013.000000,,
BATTERY,81,10.475874,58558013.000000,,
BATTERY,81,10.472479,58560235.000000,,
BATTERY,81,10.472479,58560235.000000,,
BATTERY,81,10.469546,58562155.000000,,
BATTERY,81,10.469546,58562155.000000,,
BATTERY,81,10.466758,58563980.000000,,
BATTERY,81,10.466758,58563980.000000,,
BATTERY,81,10.462964,58566463.000000,,
BATTERY,81,10.462964,58566463.000000,,
BATTERY,81,10.459687,58568608.000000,,
BATTERY,81,10.459687,58568608.000000,,
BATTERY,81,10.456410,58570753.000000,,
BATTERY,81,10.456410,58570753.000000,,
BATTERY,81,0.000000,65532656.000000,,
BATTERY,81,0.000000,499530000.000000,,
