BATTERY,36,99.998152,2016.000000,,
BATTERY,36,99.998152,2016.000000,,
BATTERY,36,99.996596,3713.000000,,
BATTERY,36,99.996596,3713.000000,,
BATTERY,36,99.994747,5730.000000,,
BATTERY,36,99.994747,5730.000000,,
BATTERY,36,99.993192,7427.000000,,
BATTERY,36,99.993192,7427.000000,,
BATTERY,36,99.989583,11364.000000,,
BATTERY,36,99.989583,11364.000000,,
BATTERY,36,99.970652,32016.000000,,
BATTERY,36,99.970652,32016.000000,,
BATTERY,36,99.969096,33713.000000,,
BATTERY,36,99.969096,33713.000000,,
BATTERY,36,99.967541,35410.000000,,
BATTERY,36,99.967541,35410.000000,,
BATTERY,36,99.965575,37555.000000,,
BATTERY,36,99.965575,37555.000000,,
BATTERY,36,99.963902,39380.000000,,
BATTERY,36,99.963902,39380.000000,,
BATTERY,36,99.962142,41300.000000,,
BATTERY,36,99.962142,41300.000000,,
BATTERY,36,99.960444,43152.000000,,
BATTERY,36,99.960444,43152.000000,,
BATTERY,36,99.958709,45045.000000,,
BATTERY,36,99.958709,45045.000000,,
BATTERY,36,99.957011,46897.000000,,
BATTERY,36,99.957011,46897.000000,,
BATTERY,36,99.955276,48790.000000,,
BATTERY,36,99.955276,48790.000000,,
BATTERY,36,99.955070,49014.000000,,
BATTERY,36,99.950922,50711.000000,,
BATTERY,36,99.949250,52535.000000,,
BATTERY,36,99.949250,52535.000000,,
BATTERY,36,99.947553,54387.000000,,
BATTERY,36,99.947553,54387.000000,,
BATTERY,36,99.945817,56280.000000,,
BATTERY,36,99.945817,56280.000000,,
BATTERY,36,99.944120,58132.000000,,
BATTERY,36,99.944120,58132.000000,,
BATTERY,36,99.942384,60025.000000,,
BATTERY,36,99.942384,60025.000000,,
BATTERY,36,99.940687,61877.000000,,
BATTERY,36,99.940687,61877.000000,,
BATTERY,36,99.938927,63797.000000,,
BATTERY,36,99.938927,63797.000000,,
BATTERY,36,99.936961,65942.000000,,
BATTERY,36,99.936961,65942.000000,,
BATTERY,36,99.935201,67862.000000,,
BATTERY,36,99.935201,67862.000000,,
BATTERY,36,99.510019,531696.000000,,
BATTERY,36,99.510019,531696.000000,,
BATTERY,36,99.508299,533573.000000,,
BATTERY,36,99.508299,533573.000000,,
BATTERY,36,99.506704,535313.000000,,
BATTERY,36,99.506704,535313.000000,,
BATTERY,36,99.505031,537138.000000,,
BATTERY,36,99.505031,537138.000000,,
BATTERY,36,99.503254,539076.000000,,
BATTERY,36,99.503254,539076.000000,,
BATTERY,36,99.501581,540901.000000,,
BATTERY,36,99.501581,540901.000000,,
BATTERY,36,99.499748,542901.000000,,
BATTERY,36,99.499748,542901.000000,,
BATTERY,36,99.498075,544726.000000,,
BATTERY,36,99.498075,544726.000000,,
BATTERY,36,99.496315,546646.000000,,
BATTERY,36,99.496315,546646.000000,,
BATTERY,36,99.496110,546870.000000,,
BATTERY,36,99.491962,548567.000000,,
BATTERY,36,99.490290,550391.000000,,
BATTERY,36,99.490290,550391.000000,,
BATTERY,36,99.488617,552216.000000,,
BATTERY,36,99.488617,552216.000000,,
BATTERY,36,99.486857,554136.000000,,
BATTERY,36,99.486857,554136.000000,,
BATTERY,36,99.485184,555961.000000,,
BATTERY,36,99.485184,555961.000000,,
BATTERY,36,99.483424,557881.000000,,
BATTERY,36,99.483424,557881.000000,,
BATTERY,36,99.481751,559706.000000,,
BATTERY,36,99.481751,559706.000000,,
BATTERY,36,99.479991,561626.000000,,
BATTERY,36,99.479991,561626.000000,,
BATTERY,36,99.478318,563451.000000,,
BATTERY,36,99.478318,563451.000000,,
BATTERY,36,99.476382,565563.000000,,
BATTERY,36,99.476382,565563.000000,,
BATTERY,36,99.474709,567388.000000,,
BATTERY,36,99.474709,567388.000000,,
BATTERY,36,99.472743,569533.000000,,
BATTERY,36,99.472743,569533.000000,,
BATTERY,36,99.076300,1002016.000000,,
BATTERY,36,99.076300,1002016.000000,,
BATTERY,36,99.048800,1032016.000000,,
BATTERY,36,99.048800,1032016.000000,,
BATTERY,36,98.590467,1532016.000000,,
BATTERY,36,98.590467,1532016.000000,,
BATTERY,36,98.588622,1534028.000000,,
BATTERY,36,98.588622,1534028.000000,,
BATTERY,36,98.586949,1535853.000000,,
BATTERY,36,98.586949,1535853.000000,,
BATTERY,36,98.585190,1537772.000000,,
BATTERY,36,98.585190,1537772.000000,,
BATTERY,36,98.583517,1539598.000000,,
BATTERY,36,98.583517,1539598.000000,,
BATTERY,36,98.581757,1541517.000000,,
BATTERY,36,98.581757,1541517.000000,,
BATTERY,36,98.580084,1543343.000000,,
BATTERY,36,98.580084,1543343.000000,,
BATTERY,36,98.578325,1545262.000000,,
BATTERY,36,98.578325,1545262.000000,,
BATTERY,36,98.578205,1545392.000000,,
BATTERY,36,98.574057,1547089.000000,,
BATTERY,36,98.572299,1549007.000000,,
BATTERY,36,98.572299,1549007.000000,,
BATTERY,36,98.570625,1550833.000000,,
BATTERY,36,98.570625,1550833.000000,,
BATTERY,36,98.568866,1552752.000000,,
BATTERY,36,98.568866,1552752.000000,,
BATTERY,36,98.567193,1554577.000000,,
BATTERY,36,98.567193,1554577.000000,,
BATTERY,36,98.565433,1556497.000000,,
BATTERY,36,98.565433,1556497.000000,,
BATTERY,36,98.563760,1558322.000000,,
BATTERY,36,98.563760,1558322.000000,,
BATTERY,36,98.561794,1560467.000000,,
BATTERY,36,98.561794,1560467.000000,,
BATTERY,36,98.560034,1562387.000000,,
BATTERY,36,98.560034,1562387.000000,,
BATTERY,36,98.557481,1565172.000000,,
BATTERY,36,98.557481,1565172.000000,,
BATTERY,36,98.545835,1577877.000000,,
BATTERY,36,98.545835,1577877.000000,,
BATTERY,36,97.670621,2532656.000000,,
BATTERY,36,97.670621,2532656.000000,,
BATTERY,36,97.668888,2534546.000000,,
BATTERY,36,97.668888,2534546.000000,,
BATTERY,36,97.667200,2536388.000000,,
BATTERY,36,97.667200,2536388.000000,,
BATTERY,36,97.665405,2538346.000000,,
BATTERY,36,97.665405,2538346.000000,,
BATTERY,36,97.665287,2538475.000000,,
BATTERY,36,97.661138,2540172.000000,,
BATTERY,36,97.659379,2542091.000000,,
BATTERY,36,97.659379,2542091.000000,,
BATTERY,36,97.657706,2543916.000000,,
BATTERY,36,97.657706,2543916.000000,,
BATTERY,36,97.655946,2545836.000000,,
BATTERY,36,97.655946,2545836.000000,,
BATTERY,36,97.654274,2547661.000000,,
BATTERY,36,97.654274,2547661.000000,,
BATTERY,36,97.652514,2549581.000000,,
BATTERY,36,97.652514,2549581.000000,,
BATTERY,36,97.650841,2551406.000000,,
BATTERY,36,97.650841,2551406.000000,,
BATTERY,36,97.649081,2553326.000000,,
BATTERY,36,97.649081,2553326.000000,,
BATTERY,36,97.647408,2555151.000000,,
BATTERY,36,97.647408,2555151.000000,,
BATTERY,36,97.645648,2557071.000000,,
BATTERY,36,97.645648,2557071.000000,,
BATTERY,36,97.643975,2558896.000000,,
BATTERY,36,97.643975,2558896.000000,,
BATTERY,36,97.642215,2560816.000000,,
BATTERY,36,97.642215,2560816.000000,,
BATTERY,36,97.640542,2562641.000000,,
BATTERY,36,97.640542,2562641.000000,,
BATTERY,36,97.638782,2564561.000000,,
BATTERY,36,97.638782,2564561.000000,,
BATTERY,36,97.637109,2566386.000000,,
BATTERY,36,97.637109,2566386.000000,,
BATTERY,36,97.634556,2569171.000000,,
BATTERY,36,97.634556,2569171.000000,,
BATTERY,36,97.632590,2571316.000000,,
BATTERY,36,97.632590,2571316.000000,,
BATTERY,36,97.237781,3002016.000000,,
BATTERY,36,97.237781,3002016.000000,,
BATTERY,36,97.209401,3032976.000000,,
BATTERY,36,97.209401,3032976.000000,,
BATTERY,36,97.206457,3036188.000000,,
BATTERY,36,97.206457,3036188.000000,,
BATTERY,36,97.204784,3038013.000000,,
BATTERY,36,97.204784,3038013.000000,,
BATTERY,36,97.202958,3040005.000000,,
BATTERY,36,97.202958,3040005.000000,,
BATTERY,36,97.201127,3042003.000000,,
BATTERY,36,97.201127,3042003.000000,,
BATTERY,36,97.199454,3043828.000000,,
BATTERY,36,97.199454,3043828.000000,,
BATTERY,36,97.199248,3044052.000000,,
BATTERY,36,97.195100,3045749.000000,,
BATTERY,36,97.193308,3047704.000000,,
BATTERY,36,97.193308,3047704.000000,,
BATTERY,36,97.191635,3049529.000000,,
BATTERY,36,97.191635,3049529.000000,,
BATTERY,36,97.189875,3051449.000000,,
BATTERY,36,97.189875,3051449.000000,,
BATTERY,36,97.188202,3053274.000000,,
BATTERY,36,97.188202,3053274.000000,,
BATTERY,36,97.186442,3055194.000000,,
BATTERY,36,97.186442,3055194.000000,,
BATTERY,36,97.184769,3057019.000000,,
BATTERY,36,97.184769,3057019.000000,,
BATTERY,36,97.183009,3058939.000000,,
BATTERY,36,97.183009,3058939.000000,,
BATTERY,36,97.181336,3060764.000000,,
BATTERY,36,97.181336,3060764.000000,,
BATTERY,36,97.179576,3062684.000000,,
BATTERY,36,97.179576,3062684.000000,,
BATTERY,36,97.177816,3064604.000000,,
BATTERY,36,97.177816,3064604.000000,,
BATTERY,36,97.176144,3066429.000000,,
BATTERY,36,97.176144,3066429.000000,,
BATTERY,36,97.174471,3068254.000000,,
BATTERY,36,97.174471,3068254.000000,,
BATTERY,36,97.172711,3070174.000000,,
BATTERY,36,97.172711,3070174.000000,,
BATTERY,36,97.171038,3071999.000000,,
BATTERY,36,97.171038,3071999.000000,,
BATTERY,36,97.168984,3074239.000000,,
BATTERY,36,97.168984,3074239.000000,,
BATTERY,36,97.165845,3077664.000000,,
BATTERY,36,97.165845,3077664.000000,,
BATTERY,36,96.749649,3531696.000000,,
BATTERY,36,96.749649,3531696.000000,,
BATTERY,36,96.747800,3533713.000000,,
BATTERY,36,96.747800,3533713.000000,,
BATTERY,36,96.745364,3536370.000000,,
BATTERY,36,96.745364,3536370.000000,,
BATTERY,36,96.742342,3539667.000000,,
BATTERY,36,96.742342,3539667.000000,,
BATTERY,36,95.831515,4533296.000000,,
BATTERY,36,95.831515,4533296.000000,,
BATTERY,36,95.829472,4535525.000000,,
BATTERY,36,95.829472,4535525.000000,,
BATTERY,36,95.827680,4537480.000000,,
BATTERY,36,95.827680,4537480.000000,,
BATTERY,36,95.826007,4539305.000000,,
BATTERY,36,95.826007,4539305.000000,,
BATTERY,36,95.824318,4541148.000000,,
BATTERY,36,95.824318,4541148.000000,,
BATTERY,36,95.824112,4541372.000000,,
BATTERY,36,95.819964,4543069.000000,,
BATTERY,36,95.818292,4544893.000000,,
BATTERY,36,95.818292,4544893.000000,,
BATTERY,36,95.816549,4546795.000000,,
BATTERY,36,95.816549,4546795.000000,,
BATTERY,36,95.814859,4548638.000000,,
BATTERY,36,95.814859,4548638.000000,,
BATTERY,36,95.813116,4550540.000000,,
BATTERY,36,95.813116,4550540.000000,,
BATTERY,36,95.811426,4552383.000000,,
BATTERY,36,95.811426,4552383.000000,,
BATTERY,36,95.809666,4554303.000000,,
BATTERY,36,95.809666,4554303.000000,,
BATTERY,36,95.808111,4556000.000000,,
BATTERY,36,95.808111,4556000.000000,,
BATTERY,36,95.806438,4557825.000000,,
BATTERY,36,95.806438,4557825.000000,,
BATTERY,36,95.804765,4559650.000000,,
BATTERY,36,95.804765,4559650.000000,,
BATTERY,36,95.803005,4561570.000000,,
BATTERY,36,95.803005,4561570.000000,,
BATTERY,36,95.801332,4563395.000000,,
BATTERY,36,95.801332,4563395.000000,,
BATTERY,36,95.799366,4565540.000000,,
BATTERY,36,95.799366,4565540.000000,,
BATTERY,36,95.797606,4567460.000000,,
BATTERY,36,95.797606,4567460.000000,,
BATTERY,36,95.795933,4569285.000000,,
BATTERY,36,95.795933,4569285.000000,,
BATTERY,36,93.995883,6532976.000000,,
BATTERY,36,93.995883,6532976.000000,,
BATTERY,36,93.993729,6535326.000000,,
BATTERY,36,93.993729,6535326.000000,,
BATTERY,36,93.992042,6537166.000000,,
BATTERY,36,93.992042,6537166.000000,,
BATTERY,36,93.990369,6538991.000000,,
BATTERY,36,93.990369,6538991.000000,,
BATTERY,36,93.988609,6540911.000000,,
BATTERY,36,93.988609,6540911.000000,,
BATTERY,36,93.986801,6542883.000000,,
BATTERY,36,93.986801,6542883.000000,,
BATTERY,36,93.985128,6544708.000000,,
BATTERY,36,93.985128,6544708.000000,,
BATTERY,36,93.983368,6546628.000000,,
BATTERY,36,93.983368,6546628.000000,,
BATTERY,36,93.983163,6546852.000000,,
BATTERY,36,93.979015,6548549.000000,,
BATTERY,36,93.977343,6550373.000000,,
BATTERY,36,93.977343,6550373.000000,,
BATTERY,36,93.975670,6552198.000000,,
BATTERY,36,93.975670,6552198.000000,,
BATTERY,36,93.973997,6554023.000000,,
BATTERY,36,93.973997,6554023.000000,,
BATTERY,36,93.971944,6556263.000000,,
BATTERY,36,93.971944,6556263.000000,,
BATTERY,36,93.970271,6558088.000000,,
BATTERY,36,93.970271,6558088.000000,,
BATTERY,36,93.968218,6560328.000000,,
BATTERY,36,93.968218,6560328.000000,,
BATTERY,36,93.966545,6562153.000000,,
BATTERY,36,93.966545,6562153.000000,,
BATTERY,36,93.964491,6564393.000000,,
BATTERY,36,93.964491,6564393.000000,,
BATTERY,36,93.962818,6566218.000000,,
BATTERY,36,93.962818,6566218.000000,,
BATTERY,36,93.959679,6569643.000000,,
BATTERY,36,93.959679,6569643.000000,,
BATTERY,36,93.957419,6572108.000000,,
BATTERY,36,93.957419,6572108.000000,,
BATTERY,36,93.077504,7532016.000000,,
BATTERY,36,93.077504,7532016.000000,,
BATTERY,36,93.075068,7534673.000000,,
BATTERY,36,93.075068,7534673.000000,,
BATTERY,36,93.072632,7537330.000000,,
BATTERY,36,93.072632,7537330.000000,,
BATTERY,36,93.069610,7540627.000000,,
BATTERY,36,93.069610,7540627.000000,,
BATTERY,36,92.159957,8532976.000000,,
BATTERY,36,92.159957,8532976.000000,,
BATTERY,36,92.157859,8535265.000000,,
BATTERY,36,92.157859,8535265.000000,,
BATTERY,36,92.156186,8537090.000000,,
BATTERY,36,92.156186,8537090.000000,,
BATTERY,36,92.154440,8538994.000000,,
BATTERY,36,92.154440,8538994.000000,,
BATTERY,36,92.152753,8540835.000000,,
BATTERY,36,92.152753,8540835.000000,,
BATTERY,36,92.151007,8542739.000000,,
BATTERY,36,92.151007,8542739.000000,,
BATTERY,36,92.149320,8544580.000000,,
BATTERY,36,92.149320,8544580.000000,,
BATTERY,36,92.147575,8546484.000000,,
BATTERY,36,92.147575,8546484.000000,,
BATTERY,36,92.145887,8548325.000000,,
BATTERY,36,92.145887,8548325.000000,,
BATTERY,36,92.145696,8548533.000000,,
BATTERY,36,92.141548,8550230.000000,,
BATTERY,36,92.139861,8552070.000000,,
BATTERY,36,92.139861,8552070.000000,,
BATTERY,36,92.138116,8553974.000000,,
BATTERY,36,92.138116,8553974.000000,,
BATTERY,36,92.136443,8555799.000000,,
BATTERY,36,92.136443,8555799.000000,,
BATTERY,36,92.134390,8558039.000000,,
BATTERY,36,92.134390,8558039.000000,,
BATTERY,36,92.132424,8560184.000000,,
BATTERY,36,92.132424,8560184.000000,,
BATTERY,36,92.130664,8562104.000000,,
BATTERY,36,92.130664,8562104.000000,,
BATTERY,36,92.128991,8563929.000000,,
BATTERY,36,92.128991,8563929.000000,,
BATTERY,36,92.126438,8566714.000000,,
BATTERY,36,92.126438,8566714.000000,,
BATTERY,36,92.123005,8570459.000000,,
BATTERY,36,92.123005,8570459.000000,,
BATTERY,36,90.323151,10533936.000000,,
BATTERY,36,90.323151,10533936.000000,,
BATTERY,36,90.321282,10535975.000000,,
BATTERY,36,90.321282,10535975.000000,,
BATTERY,36,90.319316,10538120.000000,,
BATTERY,36,90.319316,10538120.000000,,
BATTERY,36,90.317643,10539945.000000,,
BATTERY,36,90.317643,10539945.000000,,
BATTERY,36,90.315883,10541865.000000,,
BATTERY,36,90.315883,10541865.000000,,
BATTERY,36,90.314210,10543690.000000,,
BATTERY,36,90.314210,10543690.000000,,
BATTERY,36,90.312450,10545610.000000,,
BATTERY,36,90.312450,10545610.000000,,
BATTERY,36,90.310777,10547435.000000,,
BATTERY,36,90.310777,10547435.000000,,
BATTERY,36,90.309017,10549355.000000,,
BATTERY,36,90.309017,10549355.000000,,
BATTERY,36,90.308811,10549579.000000,,
BATTERY,36,90.304663,10551276.000000,,
BATTERY,36,90.302991,10553100.000000,,
BATTERY,36,90.302991,10553100.000000,,
BATTERY,36,90.301318,10554925.000000,,
BATTERY,36,90.301318,10554925.000000,,
BATTERY,36,90.299558,10556845.000000,,
BATTERY,36,90.299558,10556845.000000,,
BATTERY,36,90.297885,10558670.000000,,
BATTERY,36,90.297885,10558670.000000,,
BATTERY,36,90.296125,10560590.000000,,
BATTERY,36,90.296125,10560590.000000,,
BATTERY,36,90.294452,10562415.000000,,
BATTERY,36,90.294452,10562415.000000,,
BATTERY,36,90.292780,10564240.000000,,
BATTERY,36,90.292780,10564240.000000,,
BATTERY,36,90.291107,10566065.000000,,
BATTERY,36,90.291107,10566065.000000,,
BATTERY,36,90.289347,10567985.000000,,
BATTERY,36,90.289347,10567985.000000,,
BATTERY,36,90.287674,10569810.000000,,
BATTERY,36,90.287674,10569810.000000,,
BATTERY,36,90.285914,10571730.000000,,
BATTERY,36,90.285914,10571730.000000,,
BATTERY,36,90.283947,10573875.000000,,
BATTERY,36,90.283947,10573875.000000,,
BATTERY,36,90.281395,10576660.000000,,
BATTERY,36,90.281395,10576660.000000,,
BATTERY,36,85.738985,15532016.000000,,
BATTERY,36,85.738985,15532016.000000,,
BATTERY,36,85.737429,15533713.000000,,
BATTERY,36,85.737429,15533713.000000,,
BATTERY,36,85.735376,15535953.000000,,
BATTERY,36,85.735376,15535953.000000,,
BATTERY,36,85.733527,15537970.000000,,
BATTERY,36,85.733527,15537970.000000,,
BATTERY,36,84.822612,16531696.000000,,
BATTERY,36,84.822612,16531696.000000,,
BATTERY,36,84.812390,16542847.000000,,
BATTERY,36,84.812390,16542847.000000,,
BATTERY,36,82.988692,18532336.000000,,
BATTERY,36,82.988692,18532336.000000,,
BATTERY,36,82.986631,18534584.000000,,
BATTERY,36,82.986631,18534584.000000,,
BATTERY,36,82.984815,18536565.000000,,
BATTERY,36,82.984815,18536565.000000,,
BATTERY,36,82.983062,18538477.000000,,
BATTERY,36,82.983062,18538477.000000,,
BATTERY,36,82.981389,18540302.000000,,
BATTERY,36,82.981389,18540302.000000,,
BATTERY,36,82.979629,18542222.000000,,
BATTERY,36,82.979629,18542222.000000,,
BATTERY,36,82.977894,18544115.000000,,
BATTERY,36,82.977894,18544115.000000,,
BATTERY,36,82.977751,18544271.000000,,
BATTERY,36,82.973603,18545968.000000,,
BATTERY,36,82.971869,18547860.000000,,
BATTERY,36,82.971869,18547860.000000,,
BATTERY,36,82.970171,18549712.000000,,
BATTERY,36,82.970171,18549712.000000,,
BATTERY,36,82.968436,18551605.000000,,
BATTERY,36,82.968436,18551605.000000,,
BATTERY,36,82.966738,18553457.000000,,
BATTERY,36,82.966738,18553457.000000,,
BATTERY,36,82.965003,18555350.000000,,
BATTERY,36,82.965003,18555350.000000,,
BATTERY,36,82.963243,18557270.000000,,
BATTERY,36,82.963243,18557270.000000,,
BATTERY,36,82.961570,18559095.000000,,
BATTERY,36,82.961570,18559095.000000,,
BATTERY,36,82.959604,18561240.000000,,
BATTERY,36,82.959604,18561240.000000,,
BATTERY,36,82.957257,18563800.000000,,
BATTERY,36,82.957257,18563800.000000,,
BATTERY,36,82.954411,18566905.000000,,
BATTERY,36,82.954411,18566905.000000,,
BATTERY,36,76.570019,25531696.000000,,
BATTERY,36,76.570019,25531696.000000,,
BATTERY,36,76.568170,25533713.000000,,
BATTERY,36,76.568170,25533713.000000,,
BATTERY,36,76.565148,25537010.000000,,
BATTERY,36,76.565148,25537010.000000,,
BATTERY,36,76.563299,25539027.000000,,
BATTERY,36,76.563299,25539027.000000,,
BATTERY,36,75.652766,26532336.000000,,
BATTERY,36,75.652766,26532336.000000,,
BATTERY,36,75.644901,26540916.000000,,
BATTERY,36,75.644901,26540916.000000,,
BATTERY,36,73.819432,28532336.000000,,
BATTERY,36,73.819432,28532336.000000,,
BATTERY,36,73.817392,28534562.000000,,
BATTERY,36,73.817392,28534562.000000,,
BATTERY,36,73.815719,28536387.000000,,
BATTERY,36,73.815719,28536387.000000,,
BATTERY,36,73.813970,28538295.000000,,
BATTERY,36,73.813970,28538295.000000,,
BATTERY,36,73.812286,28540132.000000,,
BATTERY,36,73.812286,28540132.000000,,
BATTERY,36,73.810537,28542040.000000,,
BATTERY,36,73.810537,28542040.000000,,
BATTERY,36,73.808853,28543877.000000,,
BATTERY,36,73.808853,28543877.000000,,
BATTERY,36,73.807104,28545785.000000,,
BATTERY,36,73.807104,28545785.000000,,
BATTERY,36,73.806899,28546009.000000,,
BATTERY,36,73.802750,28547706.000000,,
BATTERY,36,73.801078,28549530.000000,,
BATTERY,36,73.801078,28549530.000000,,
BATTERY,36,73.799395,28551367.000000,,
BATTERY,36,73.799395,28551367.000000,,
BATTERY,36,73.797646,28553275.000000,,
BATTERY,36,73.797646,28553275.000000,,
BATTERY,36,73.795962,28555112.000000,,
BATTERY,36,73.795962,28555112.000000,,
BATTERY,36,73.794289,28556937.000000,,
BATTERY,36,73.794289,28556937.000000,,
BATTERY,36,73.792529,28558857.000000,,
BATTERY,36,73.792529,28558857.000000,,
BATTERY,36,73.790562,28561002.000000,,
BATTERY,36,73.790562,28561002.000000,,
BATTERY,36,73.788890,28562827.000000,,
BATTERY,36,73.788890,28562827.000000,,
BATTERY,36,73.785663,28566347.000000,,
BATTERY,36,73.785663,28566347.000000,,
BATTERY,36,73.782817,28569452.000000,,
BATTERY,36,73.782817,28569452.000000,,
BATTERY,36,67.400466,35532016.000000,,
BATTERY,36,67.400466,35532016.000000,,
BATTERY,36,67.397151,35535633.000000,,
BATTERY,36,67.397151,35535633.000000,,
BATTERY,36,67.394422,35538610.000000,,
BATTERY,36,67.394422,35538610.000000,,
BATTERY,36,67.391693,35541587.000000,,
BATTERY,36,67.391693,35541587.000000,,
BATTERY,36,66.484093,36531696.000000,,
BATTERY,36,66.484093,36531696.000000,,
BATTERY,36,66.480246,36535893.000000,,
BATTERY,36,66.480246,36535893.000000,,
BATTERY,36,64.650760,38531696.000000,,
BATTERY,36,64.650760,38531696.000000,,
BATTERY,36,64.647673,38535063.000000,,
BATTERY,36,64.647673,38535063.000000,,
BATTERY,36,64.645982,38536908.000000,,
BATTERY,36,64.645982,38536908.000000,,
BATTERY,36,64.644252,38538795.000000,,
BATTERY,36,64.644252,38538795.000000,,
BATTERY,36,64.642549,38540653.000000,,
BATTERY,36,64.642549,38540653.000000,,
BATTERY,36,64.640773,38542591.000000,,
BATTERY,36,64.640773,38542591.000000,,
BATTERY,36,64.640654,38542720.000000,,
BATTERY,36,64.636506,38544417.000000,,
BATTERY,36,64.634747,38546336.000000,,
BATTERY,36,64.634747,38546336.000000,,
BATTERY,36,64.633074,38548161.000000,,
BATTERY,36,64.633074,38548161.000000,,
BATTERY,36,64.631314,38550081.000000,,
BATTERY,36,64.631314,38550081.000000,,
BATTERY,36,64.629641,38551906.000000,,
BATTERY,36,64.629641,38551906.000000,,
BATTERY,36,64.627881,38553826.000000,,
BATTERY,36,64.627881,38553826.000000,,
BATTERY,36,64.626208,38555651.000000,,
BATTERY,36,64.626208,38555651.000000,,
BATTERY,36,64.624448,38557571.000000,,
BATTERY,36,64.624448,38557571.000000,,
BATTERY,36,64.622775,38559396.000000,,
BATTERY,36,64.622775,38559396.000000,,
BATTERY,36,64.620722,38561636.000000,,
BATTERY,36,64.620722,38561636.000000,,
BATTERY,36,64.618962,38563556.000000,,
BATTERY,36,64.618962,38563556.000000,,
BATTERY,36,64.616702,38566021.000000,,
BATTERY,36,64.616702,38566021.000000,,
BATTERY,36,64.614736,38568166.000000,,
BATTERY,36,64.614736,38568166.000000,,
BATTERY,36,64.613063,38569991.000000,,
BATTERY,36,64.613063,38569991.000000,,
BATTERY,36,64.611303,38571911.000000,,
BATTERY,36,64.611303,38571911.000000,,
BATTERY,36,64.607870,38575656.000000,,
BATTERY,36,64.607870,38575656.000000,,
BATTERY,36,58.231500,45531696.000000,,
BATTERY,36,58.231500,45531696.000000,,
BATTERY,36,58.229740,45533616.000000,,
BATTERY,36,58.229740,45533616.000000,,
BATTERY,36,57.313367,46533296.000000,,
BATTERY,36,57.313367,46533296.000000,,
BATTERY,36,57.302785,46544840.000000,,
BATTERY,36,57.302785,46544840.000000,,
BATTERY,36,55.480914,48532336.000000,,
BATTERY,36,55.480914,48532336.000000,,
BATTERY,36,55.478979,48534447.000000,,
BATTERY,36,55.478979,48534447.000000,,
BATTERY,36,55.477306,48536272.000000,,
BATTERY,36,55.477306,48536272.000000,,
BATTERY,36,55.475633,48538097.000000,,
BATTERY,36,55.475633,48538097.000000,,
BATTERY,36,55.475427,48538321.000000,,
BATTERY,36,55.471279,48540018.000000,,
BATTERY,36,55.469607,48541842.000000,,
BATTERY,36,55.469607,48541842.000000,,
BATTERY,36,55.467769,48543847.000000,,
BATTERY,36,55.467769,48543847.000000,,
BATTERY,36,55.466096,48545672.000000,,
BATTERY,36,55.466096,48545672.000000,,
BATTERY,36,55.464336,48547592.000000,,
BATTERY,36,55.464336,48547592.000000,,
BATTERY,36,55.462663,48549417.000000,,
BATTERY,36,55.462663,48549417.000000,,
BATTERY,36,55.460903,48551337.000000,,
BATTERY,36,55.460903,48551337.000000,,
BATTERY,36,55.459143,48553257.000000,,
BATTERY,36,55.459143,48553257.000000,,
BATTERY,36,55.457471,48555082.000000,,
BATTERY,36,55.457471,48555082.000000,,
BATTERY,36,55.455798,48556907.000000,,
BATTERY,36,55.455798,48556907.000000,,
BATTERY,36,55.453744,48559147.000000,,
BATTERY,36,55.453744,48559147.000000,,
BATTERY,36,55.452071,48560972.000000,,
BATTERY,36,55.452071,48560972.000000,,
BATTERY,36,55.450018,48563212.000000,,
BATTERY,36,55.450018,48563212.000000,,
BATTERY,36,55.447758,48565677.000000,,
BATTERY,36,55.447758,48565677.000000,,
BATTERY,36,55.445206,48568462.000000,,
BATTERY,36,55.445206,48568462.000000,,
BATTERY,36,55.442653,48571247.000000,,
BATTERY,36,55.442653,48571247.000000,,
BATTERY,36,55.440686,48573392.000000,,
BATTERY,36,55.440686,48573392.000000,,
BATTERY,36,49.062241,55531696.000000,,
BATTERY,36,49.062241,55531696.000000,,
BATTERY,36,49.060392,55533713.000000,,
BATTERY,36,49.060392,55533713.000000,,
BATTERY,36,49.057957,55536370.000000,,
BATTERY,36,49.057957,55536370.000000,,
BATTERY,36,48.145574,56531696.000000,,
BATTERY,36,48.145574,56531696.000000,,
BATTERY,36,48.135256,56542952.000000,,
BATTERY,36,48.135256,56542952.000000,,
BATTERY,36,46.310481,58533616.000000,,
BATTERY,36,46.310481,58533616.000000,,
BATTERY,36,46.308730,58535526.000000,,
BATTERY,36,46.308730,58535526.000000,,
BATTERY,36,46.306984,58537431.000000,,
BATTERY,36,46.306984,58537431.000000,,
BATTERY,36,46.305311,58539256.000000,,
BATTERY,36,46.305311,58539256.000000,,
BATTERY,36,46.305179,58539400.000000,,
BATTERY,36,46.301031,58541097.000000,,
BATTERY,36,46.299256,58543033.000000,,
BATTERY,36,46.299256,58543033.000000,,
BATTERY,36,46.297544,58544901.000000,,
BATTERY,36,46.297544,58544901.000000,,
BATTERY,36,46.295823,58546778.000000,,
BATTERY,36,46.295823,58546778.000000,,
BATTERY,36,46.294080,58548680.000000,,
BATTERY,36,46.294080,58548680.000000,,
BATTERY,36,46.292390,58550523.000000,,
BATTERY,36,46.292390,58550523.000000,,
BATTERY,36,46.290647,58552425.000000,,
BATTERY,36,46.290647,58552425.000000,,
BATTERY,36,46.288957,58554268.000000,,
BATTERY,36,46.288957,58554268.000000,,
BATTERY,36,46.287214,58556170.000000,,
BATTERY,36,46.287214,58556170.000000,,
BATTERY,36,46.285524,58558013.000000,,
BATTERY,36,46.285524,58558013.000000,,
BATTERY,36,46.283488,58560235.000000,,
BATTERY,36,46.283488,58560235.000000,,
BATTERY,36,46.281728,58562155.000000,,
BATTERY,36,46.281728,58562155.000000,,
BATTERY,36,46.280055,58563980.000000,,
BATTERY,36,46.280055,58563980.000000,,
BATTERY,36,46.277779,58566463.000000,,
BATTERY,36,46.277779,58566463.000000,,
BATTERY,36,46.275812,58568608.000000,,
BATTERY,36,46.275812,58568608.000000,,
BATTERY,36,46.273846,58570753.000000,,
BATTERY,36,46.273846,58570753.000000,,
BATTERY,36,39.892102,65532656.000000,,
BATTERY,36,39.892102,65532656.000000,,
BATTERY,36,39.889959,65534993.000000,,
BATTERY,36,39.889959,65534993.000000,,
BATTERY,36,39.886644,65538610.000000,,
BATTERY,36,39.886644,65538610.000000,,
BATTERY,36,38.974262,66533936.000000,,
BATTERY,36,38.974262,66533936.000000,,
BATTERY,36,38.968064,66540697.000000,,
BATTERY,36,38.968064,66540697.000000,,
BATTERY,36,37.142982,68531696.000000,,
BATTERY,36,37.142982,68531696.000000,,
BATTERY,36,37.142467,68532258.000000,,
BATTERY,36,37.138318,68533955.000000,,
BATTERY,36,37.136589,68535842.000000,,
BATTERY,36,37.136589,68535842.000000,,
BATTERY,36,37.134916,68537667.000000,,
BATTERY,36,37.134916,68537667.000000,,
BATTERY,36,37.133156,68539587.000000,,
BATTERY,36,37.133156,68539587.000000,,
BATTERY,36,37.131483,68541412.000000,,
BATTERY,36,37.131483,68541412.000000,,
BATTERY,36,37.129723,68543332.000000,,
BATTERY,36,37.129723,68543332.000000,,
BATTERY,36,37.127910,68545310.000000,,
BATTERY,36,37.127910,68545310.000000,,
BATTERY,36,37.126237,68547135.000000,,
BATTERY,36,37.126237,68547135.000000,,
BATTERY,36,37.124477,68549055.000000,,
BATTERY,36,37.124477,68549055.000000,,
BATTERY,36,37.122804,68550880.000000,,
BATTERY,36,37.122804,68550880.000000,,
BATTERY,36,37.120750,68553120.000000,,
BATTERY,36,37.120750,68553120.000000,,
BATTERY,36,37.119078,68554945.000000,,
BATTERY,36,37.119078,68554945.000000,,
BATTERY,36,37.117318,68556865.000000,,
BATTERY,36,37.117318,68556865.000000,,
BATTERY,36,37.115645,68558690.000000,,
BATTERY,36,37.115645,68558690.000000,,
BATTERY,36,37.113972,68560515.000000,,
BATTERY,36,37.113972,68560515.000000,,
BATTERY,36,37.112212,68562435.000000,,
BATTERY,36,37.112212,68562435.000000,,
BATTERY,36,37.110452,68564355.000000,,
BATTERY,36,37.110452,68564355.000000,,
BATTERY,36,37.108779,68566180.000000,,
BATTERY,36,37.108779,68566180.000000,,
BATTERY,36,37.107019,68568100.000000,,
BATTERY,36,37.107019,68568100.000000,,
BATTERY,36,30.723722,75531696.000000,,
BATTERY,36,30.723722,75531696.000000,,
BATTERY,36,30.721962,75533616.000000,,
BATTERY,36,30.721962,75533616.000000,,
BATTERY,36,30.720114,75535633.000000,,
BATTERY,36,30.720114,75535633.000000,,
BATTERY,36,29.806176,76532656.000000,,
BATTERY,36,29.806176,76532656.000000,,
BATTERY,36,29.796111,76543636.000000,,
BATTERY,36,29.796111,76543636.000000,,
BATTERY,36,27.973136,78532336.000000,,
BATTERY,36,27.973136,78532336.000000,,
BATTERY,36,27.970999,78534667.000000,,
BATTERY,36,27.970999,78534667.000000,,
BATTERY,36,27.969033,78536812.000000,,
BATTERY,36,27.969033,78536812.000000,,
BATTERY,36,27.967291,78538712.000000,,
BATTERY,36,27.967291,78538712.000000,,
BATTERY,36,27.967074,78538949.000000,,
BATTERY,36,27.962926,78540646.000000,,
BATTERY,36,27.961254,78542470.000000,,
BATTERY,36,27.961254,78542470.000000,,
BATTERY,36,27.959494,78544390.000000,,
BATTERY,36,27.959494,78544390.000000,,
BATTERY,36,27.957821,78546215.000000,,
BATTERY,36,27.957821,78546215.000000,,
BATTERY,36,27.956061,78548135.000000,,
BATTERY,36,27.956061,78548135.000000,,
BATTERY,36,27.954388,78549960.000000,,
BATTERY,36,27.954388,78549960.000000,,
BATTERY,36,27.952628,78551880.000000,,
BATTERY,36,27.952628,78551880.000000,,
BATTERY,36,27.950955,78553705.000000,,
BATTERY,36,27.950955,78553705.000000,,
BATTERY,36,27.949195,78555625.000000,,
BATTERY,36,27.949195,78555625.000000,,
BATTERY,36,27.947522,78557450.000000,,
BATTERY,36,27.947522,78557450.000000,,
BATTERY,36,27.945762,78559370.000000,,
BATTERY,36,27.945762,78559370.000000,,
BATTERY,36,27.944002,78561290.000000,,
BATTERY,36,27.944002,78561290.000000,,
BATTERY,36,27.940569,78565035.000000,,
BATTERY,36,27.940569,78565035.000000,,
BATTERY,36,21.554170,85532016.000000,,
BATTERY,36,21.554170,85532016.000000,,
BATTERY,36,21.552614,85533713.000000,,
BATTERY,36,21.552614,85533713.000000,,
BATTERY,36,21.550561,85535953.000000,,
BATTERY,36,21.550561,85535953.000000,,
BATTERY,36,20.637210,86532336.000000,,
BATTERY,36,20.637210,86532336.000000,,
BATTERY,36,20.629948,86540258.000000,,
BATTERY,36,20.629948,86540258.000000,,
BATTERY,36,18.802410,88533936.000000,,
BATTERY,36,18.802410,88533936.000000,,
BATTERY,36,18.801100,88535365.000000,,
BATTERY,36,18.796952,88537062.000000,,
BATTERY,36,18.795280,88538886.000000,,
BATTERY,36,18.795280,88538886.000000,,
BATTERY,36,18.793607,88540711.000000,,
BATTERY,36,18.793607,88540711.000000,,
BATTERY,36,18.791934,88542536.000000,,
BATTERY,36,18.791934,88542536.000000,,
BATTERY,36,18.790174,88544456.000000,,
BATTERY,36,18.790174,88544456.000000,,
BATTERY,36,18.788501,88546281.000000,,
BATTERY,36,18.788501,88546281.000000,,
BATTERY,36,18.786741,88548201.000000,,
BATTERY,36,18.786741,88548201.000000,,
BATTERY,36,18.785068,88550026.000000,,
BATTERY,36,18.785068,88550026.000000,,
BATTERY,36,18.783308,88551946.000000,,
BATTERY,36,18.783308,88551946.000000,,
BATTERY,36,18.781635,88553771.000000,,
BATTERY,36,18.781635,88553771.000000,,
BATTERY,36,18.779875,88555691.000000,,
BATTERY,36,18.779875,88555691.000000,,
BATTERY,36,18.778202,88557516.000000,,
BATTERY,36,18.778202,88557516.000000,,
BATTERY,36,18.776442,88559436.000000,,
BATTERY,36,18.776442,88559436.000000,,
BATTERY,36,18.774769,88561261.000000,,
BATTERY,36,18.774769,88561261.000000,,
BATTERY,36,18.773096,88563086.000000,,
BATTERY,36,18.773096,88563086.000000,,
BATTERY,36,18.771043,88565326.000000,,
BATTERY,36,18.771043,88565326.000000,,
BATTERY,36,18.768490,88568111.000000,,
BATTERY,36,18.768490,88568111.000000,,
BATTERY,36,18.765057,88571856.000000,,
BATTERY,36,18.765057,88571856.000000,,
BATTERY,36,12.385204,95531696.000000,,
BATTERY,36,12.385204,95531696.000000,,
BATTERY,36,12.383648,95533393.000000,,
BATTERY,36,12.383648,95533393.000000,,
BATTERY,36,12.381213,95536050.000000,,
BATTERY,36,12.381213,95536050.000000,,
BATTERY,36,12.378190,95539347.000000,,
BATTERY,36,12.378190,95539347.000000,,
BATTERY,36,11.467950,96532336.000000,,
BATTERY,36,11.467950,96532336.000000,,
BATTERY,36,11.458029,96543159.000000,,
BATTERY,36,11.458029,96543159.000000,,
BATTERY,36,9.634617,98532336.000000,,
BATTERY,36,9.634617,98532336.000000,,
BATTERY,36,9.632215,98534957.000000,,
BATTERY,36,9.632215,98534957.000000,,
BATTERY,36,9.630334,98537009.000000,,
BATTERY,36,9.630334,98537009.000000,,
BATTERY,36,9.628503,98539006.000000,,
BATTERY,36,9.628503,98539006.000000,,
BATTERY,36,9.626807,98540856.000000,,
BATTERY,36,9.626807,98540856.000000,,
BATTERY,36,9.625070,98542751.000000,,
BATTERY,36,9.625070,98542751.000000,,
BATTERY,36,9.623286,98544697.000000,,
BATTERY,36,9.623286,98544697.000000,,
BATTERY,36,9.621613,98546522.000000,,
BATTERY,36,9.621613,98546522.000000,,
BATTERY,36,9.621408,98546746.000000,,
BATTERY,36,9.617260,98548443.000000,,
BATTERY,36,9.615588,98550267.000000,,
BATTERY,36,9.615588,98550267.000000,,
BATTERY,36,9.613828,98552187.000000,,
BATTERY,36,9.613828,98552187.000000,,
BATTERY,36,9.612155,98554012.000000,,
BATTERY,36,9.612155,98554012.000000,,
BATTERY,36,9.610395,98555932.000000,,
BATTERY,36,9.610395,98555932.000000,,
BATTERY,36,9.608342,98558172.000000,,
BATTERY,36,9.608342,98558172.000000,,
BATTERY,36,9.606669,98559997.000000,,
BATTERY,36,9.606669,98559997.000000,,
BATTERY,36,9.604996,98561822.000000,,
BATTERY,36,9.604996,98561822.000000,,
BATTERY,36,9.601563,98565567.000000,,
BATTERY,36,9.601563,98565567.000000,,
BATTERY,36,3.215945,105531696.000000,,
BATTERY,36,3.215945,105531696.000000,,
BATTERY,36,3.213216,105534673.000000,,
BATTERY,36,3.213216,105534673.000000,,
BATTERY,36,3.211073,105537010.000000,,
BATTERY,36,3.211073,105537010.000000,,
BATTERY,36,2.299278,106531696.000000,,
BATTERY,36,2.299278,106531696.000000,,
BATTERY,36,2.289836,106541996.000000,,
BATTERY,36,2.289836,106541996.000000,,
BATTERY,36,0.464478,108533296.000000,,
BATTERY,36,0.464478,108533296.000000,,
BATTERY,36,0.462290,108535683.000000,,
BATTERY,36,0.462290,108535683.000000,,
BATTERY,36,0.460030,108538148.000000,,
BATTERY,36,0.460030,108538148.000000,,
BATTERY,36,0.458357,108539973.000000,,
BATTERY,36,0.458357,108539973.000000,,
BATTERY,36,0.456684,108541798.000000,,
BATTERY,36,0.456684,108541798.000000,,
BATTERY,36,0.454924,108543718.000000,,
BATTERY,36,0.454924,108543718.000000,,
BATTERY,36,0.453251,108545543.000000,,
BATTERY,36,0.453251,108545543.000000,,
BATTERY,36,0.451491,108547463.000000,,
BATTERY,36,0.451491,108547463.000000,,
BATTERY,36,0.449819,108549288.000000,,
BATTERY,36,0.449819,108549288.000000,,
BATTERY,36,0.448059,108551208.000000,,
BATTERY,36,0.448059,108551208.000000,,
BATTERY,36,0.446386,108553033.000000,,
BATTERY,36,0.446386,108553033.000000,,
BATTERY,36,0.444626,108554953.000000,,
BATTERY,36,0.444626,108554953.000000,,
BATTERY,36,0.442866,108556873.000000,,
BATTERY,36,0.442866,108556873.000000,,
BATTERY,36,0.441193,108558698.000000,,
BATTERY,36,0.441193,108558698.000000,,
BATTERY,36,0.440987,108558922.000000,,
BATTERY,36,0.436839,108560619.000000,,
BATTERY,36,0.434580,108563083.000000,,
BATTERY,36,0.434580,108563083.000000,,
BATTERY,36,0.431148,108566828.000000,,
BATTERY,36,0.431148,108566828.000000,,
BATTERY,36,0.000000,116002336.000000,,
BATTERY,36,0.000000,499530000.000000,,
