BATTERY,1,99.999413,640.000000,,
BATTERY,1,99.995744,2016.000000,,
BATTERY,1,99.995450,2337.000000,,
BATTERY,1,99.991780,3713.000000,,
BATTERY,1,99.991193,4354.000000,,
BATTERY,1,99.987524,5730.000000,,
BATTERY,1,99.987229,6051.000000,,
BATTERY,1,99.983560,7427.000000,,
BATTERY,1,99.981212,9988.000000,,
BATTERY,1,99.977543,11364.000000,,
BATTERY,1,99.959873,30640.000000,,
BATTERY,1,99.956204,32016.000000,,
BATTERY,1,99.955910,32337.000000,,
BATTERY,1,99.952240,33713.000000,,
BATTERY,1,99.951946,34034.000000,,
BATTERY,1,99.948277,35410.000000,,
BATTERY,1,99.947689,36051.000000,,
BATTERY,1,99.943679,37555.000000,,
BATTERY,1,99.943384,37876.000000,,
BATTERY,1,99.939374,39380.000000,,
BATTERY,1,99.938992,39796.000000,,
BATTERY,1,99.934982,41300.000000,,
BATTERY,1,99.934663,41648.000000,,
BATTERY,1,99.930652,43152.000000,,
BATTERY,1,99.930295,43541.000000,,
BATTERY,1,99.926285,45045.000000,,
BATTERY,1,99.925966,45393.000000,,
BATTERY,1,99.921955,46897.000000,,
BATTERY,1,99.921775,47094.000000,,
BATTERY,1,99.917626,48791.000000,,
BATTERY,1,99.917308,49138.000000,,
BATTERY,1,99.913298,50642.000000,,
BATTERY,1,99.912941,51031.000000,,
BATTERY,1,99.908930,52535.000000,,
BATTERY,1,99.908611,52883.000000,,
BATTERY,1,99.904601,54387.000000,,
BATTERY,1,99.904244,54776.000000,,
BATTERY,1,99.900233,56280.000000,,
BATTERY,1,99.899914,56628.000000,,
BATTERY,1,99.895904,58132.000000,,
BATTERY,1,99.895547,58521.000000,,
BATTERY,1,99.891536,60025.000000,,
BATTERY,1,99.891217,60373.000000,,
BATTERY,1,99.887207,61877.000000,,
BATTERY,1,99.886825,62293.000000,,
BATTERY,1,99.882815,63797.000000,,
BATTERY,1,99.882227,64438.000000,,
BATTERY,1,99.878217,65942.000000,,
BATTERY,1,99.877835,66358.000000,,
BATTERY,1,99.873825,67862.000000,,
BATTERY,1,99.449905,530320.000000,,
BATTERY,1,99.446235,531696.000000,,
BATTERY,1,99.445893,532069.000000,,
BATTERY,1,99.441883,533573.000000,,
BATTERY,1,99.441549,533937.000000,,
BATTERY,1,99.437880,535313.000000,,
BATTERY,1,99.437586,535634.000000,,
BATTERY,1,99.433575,537138.000000,,
BATTERY,1,99.433177,537572.000000,,
BATTERY,1,99.429166,539076.000000,,
BATTERY,1,99.428872,539397.000000,,
BATTERY,1,99.424861,540901.000000,,
BATTERY,1,99.424407,541397.000000,,
BATTERY,1,99.420396,542901.000000,,
BATTERY,1,99.420102,543222.000000,,
BATTERY,1,99.416091,544726.000000,,
BATTERY,1,99.415710,545142.000000,,
BATTERY,1,99.411699,546646.000000,,
BATTERY,1,99.411581,546775.000000,,
BATTERY,1,99.407433,548472.000000,,
BATTERY,1,99.407052,548887.000000,,
BATTERY,1,99.403042,550391.000000,,
BATTERY,1,99.402747,550712.000000,,
BATTERY,1,99.398737,552216.000000,,
BATTERY,1,99.398355,552632.000000,,
BATTERY,1,99.394345,554136.000000,,
BATTERY,1,99.394050,554457.000000,,
BATTERY,1,99.390040,555961.000000,,
BATTERY,1,99.389658,556377.000000,,
BATTERY,1,99.385648,557881.000000,,
BATTERY,1,99.385354,558202.000000,,
BATTERY,1,99.381343,559706.000000,,
BATTERY,1,99.380962,560122.000000,,
BATTERY,1,99.376951,561626.000000,,
BATTERY,1,99.376657,561947.000000,,
BATTERY,1,99.372646,563451.000000,,
BATTERY,1,99.371971,564187.000000,,
BATTERY,1,99.368302,565563.000000,,
BATTERY,1,99.368008,565884.000000,,
BATTERY,1,99.363997,567388.000000,,
BATTERY,1,99.363409,568029.000000,,
BATTERY,1,99.359399,569533.000000,,
BATTERY,1,98.964217,1000640.000000,,
BATTERY,1,98.960548,1002016.000000,,
BATTERY,1,98.934309,1030640.000000,,
BATTERY,1,98.930640,1032016.000000,,
BATTERY,1,98.473568,1530640.000000,,
BATTERY,1,98.469899,1532016.000000,,
BATTERY,1,98.469433,1532524.000000,,
BATTERY,1,98.465422,1534028.000000,,
BATTERY,1,98.465128,1534349.000000,,
BATTERY,1,98.461117,1535853.000000,,
BATTERY,1,98.460737,1536268.000000,,
BATTERY,1,98.456726,1537772.000000,,
BATTERY,1,98.456431,1538094.000000,,
BATTERY,1,98.452421,1539598.000000,,
BATTERY,1,98.452040,1540013.000000,,
BATTERY,1,98.448029,1541517.000000,,
BATTERY,1,98.447734,1541839.000000,,
BATTERY,1,98.443724,1543343.000000,,
BATTERY,1,98.443343,1543758.000000,,
BATTERY,1,98.439333,1545262.000000,,
BATTERY,1,98.439127,1545486.000000,,
BATTERY,1,98.434979,1547183.000000,,
BATTERY,1,98.434686,1547503.000000,,
BATTERY,1,98.430675,1549007.000000,,
BATTERY,1,98.430380,1549329.000000,,
BATTERY,1,98.426369,1550833.000000,,
BATTERY,1,98.425989,1551248.000000,,
BATTERY,1,98.421978,1552752.000000,,
BATTERY,1,98.421684,1553073.000000,,
BATTERY,1,98.417673,1554577.000000,,
BATTERY,1,98.417292,1554993.000000,,
BATTERY,1,98.413281,1556497.000000,,
BATTERY,1,98.412987,1556818.000000,,
BATTERY,1,98.408976,1558322.000000,,
BATTERY,1,98.408389,1558963.000000,,
BATTERY,1,98.404378,1560467.000000,,
BATTERY,1,98.403997,1560883.000000,,
BATTERY,1,98.399986,1562387.000000,,
BATTERY,1,98.398812,1563668.000000,,
BATTERY,1,98.394801,1565172.000000,,
BATTERY,1,98.384534,1576373.000000,,
BATTERY,1,98.380523,1577877.000000,,
BATTERY,1,97.506570,2531280.000000,,
BATTERY,1,97.502901,2532656.000000,,
BATTERY,1,97.502547,2533042.000000,,
BATTERY,1,97.498536,2534546.000000,,
BATTERY,1,97.498226,2534884.000000,,
BATTERY,1,97.494216,2536388.000000,,
BATTERY,1,97.493800,2536842.000000,,
BATTERY,1,97.489789,2538346.000000,,
BATTERY,1,97.489495,2538667.000000,,
BATTERY,1,97.485484,2540171.000000,,
BATTERY,1,97.485103,2540587.000000,,
BATTERY,1,97.481092,2542091.000000,,
BATTERY,1,97.480974,2542220.000000,,
BATTERY,1,97.476826,2543917.000000,,
BATTERY,1,97.476445,2544332.000000,,
BATTERY,1,97.472434,2545836.000000,,
BATTERY,1,97.472140,2546157.000000,,
BATTERY,1,97.468130,2547661.000000,,
BATTERY,1,97.467748,2548077.000000,,
BATTERY,1,97.463738,2549581.000000,,
BATTERY,1,97.463443,2549902.000000,,
BATTERY,1,97.459433,2551406.000000,,
BATTERY,1,97.459051,2551822.000000,,
BATTERY,1,97.455041,2553326.000000,,
BATTERY,1,97.454746,2553647.000000,,
BATTERY,1,97.450736,2555151.000000,,
BATTERY,1,97.450354,2555567.000000,,
BATTERY,1,97.446344,2557071.000000,,
BATTERY,1,97.446049,2557392.000000,,
BATTERY,1,97.442039,2558896.000000,,
BATTERY,1,97.441657,2559312.000000,,
BATTERY,1,97.437647,2560816.000000,,
BATTERY,1,97.437353,2561137.000000,,
BATTERY,1,97.433342,2562641.000000,,
BATTERY,1,97.432961,2563057.000000,,
BATTERY,1,97.428950,2564561.000000,,
BATTERY,1,97.428656,2564882.000000,,
BATTERY,1,97.424645,2566386.000000,,
BATTERY,1,97.423471,2567667.000000,,
BATTERY,1,97.419460,2569171.000000,,
BATTERY,1,97.418872,2569812.000000,,
BATTERY,1,97.414862,2571316.000000,,
BATTERY,1,97.021315,3000640.000000,,
BATTERY,1,97.017645,3002016.000000,,
BATTERY,1,96.990527,3031600.000000,,
BATTERY,1,96.986857,3032976.000000,,
BATTERY,1,96.985292,3034684.000000,,
BATTERY,1,96.981281,3036188.000000,,
BATTERY,1,96.980987,3036509.000000,,
BATTERY,1,96.976976,3038013.000000,,
BATTERY,1,96.976529,3038501.000000,,
BATTERY,1,96.972518,3040005.000000,,
BATTERY,1,96.972065,3040499.000000,,
BATTERY,1,96.968055,3042003.000000,,
BATTERY,1,96.967760,3042324.000000,,
BATTERY,1,96.963750,3043828.000000,,
BATTERY,1,96.963368,3044244.000000,,
BATTERY,1,96.959358,3045748.000000,,
BATTERY,1,96.958943,3046200.000000,,
BATTERY,1,96.954933,3047704.000000,,
BATTERY,1,96.954639,3048025.000000,,
BATTERY,1,96.950628,3049529.000000,,
BATTERY,1,96.950247,3049945.000000,,
BATTERY,1,96.946236,3051449.000000,,
BATTERY,1,96.945942,3051770.000000,,
BATTERY,1,96.941931,3053274.000000,,
BATTERY,1,96.941726,3053498.000000,,
BATTERY,1,96.937577,3055195.000000,,
BATTERY,1,96.937284,3055515.000000,,
BATTERY,1,96.933273,3057019.000000,,
BATTERY,1,96.932892,3057435.000000,,
BATTERY,1,96.928881,3058939.000000,,
BATTERY,1,96.928587,3059260.000000,,
BATTERY,1,96.924576,3060764.000000,,
BATTERY,1,96.924195,3061180.000000,,
BATTERY,1,96.920184,3062684.000000,,
BATTERY,1,96.919803,3063100.000000,,
BATTERY,1,96.915792,3064604.000000,,
BATTERY,1,96.915498,3064925.000000,,
BATTERY,1,96.911488,3066429.000000,,
BATTERY,1,96.911193,3066750.000000,,
BATTERY,1,96.907183,3068254.000000,,
BATTERY,1,96.906801,3068670.000000,,
BATTERY,1,96.902791,3070174.000000,,
BATTERY,1,96.902496,3070495.000000,,
BATTERY,1,96.898486,3071999.000000,,
BATTERY,1,96.897811,3072735.000000,,
BATTERY,1,96.893800,3074239.000000,,
BATTERY,1,96.892039,3076160.000000,,
BATTERY,1,96.888029,3077664.000000,,
BATTERY,1,96.473094,3530320.000000,,
BATTERY,1,96.469425,3531696.000000,,
BATTERY,1,96.468837,3532337.000000,,
BATTERY,1,96.465168,3533713.000000,,
BATTERY,1,96.463994,3534994.000000,,
BATTERY,1,96.460324,3536370.000000,,
BATTERY,1,96.458563,3538291.000000,,
BATTERY,1,96.454894,3539667.000000,,
BATTERY,1,95.545329,4531920.000000,,
BATTERY,1,95.541659,4533296.000000,,
BATTERY,1,95.540995,4534021.000000,,
BATTERY,1,95.536984,4535525.000000,,
BATTERY,1,95.536571,4535976.000000,,
BATTERY,1,95.532560,4537480.000000,,
BATTERY,1,95.532266,4537801.000000,,
BATTERY,1,95.528255,4539305.000000,,
BATTERY,1,95.528050,4539529.000000,,
BATTERY,1,95.523902,4541226.000000,,
BATTERY,1,95.523608,4541546.000000,,
BATTERY,1,95.519598,4543050.000000,,
BATTERY,1,95.519287,4543389.000000,,
BATTERY,1,95.515276,4544893.000000,,
BATTERY,1,95.514911,4545291.000000,,
BATTERY,1,95.510901,4546795.000000,,
BATTERY,1,95.510590,4547134.000000,,
BATTERY,1,95.506579,4548638.000000,,
BATTERY,1,95.506215,4549036.000000,,
BATTERY,1,95.502204,4550540.000000,,
BATTERY,1,95.501893,4550879.000000,,
BATTERY,1,95.497882,4552383.000000,,
BATTERY,1,95.497501,4552799.000000,,
BATTERY,1,95.493490,4554303.000000,,
BATTERY,1,95.493196,4554624.000000,,
BATTERY,1,95.489527,4556000.000000,,
BATTERY,1,95.489233,4556321.000000,,
BATTERY,1,95.485222,4557825.000000,,
BATTERY,1,95.484928,4558146.000000,,
BATTERY,1,95.480917,4559650.000000,,
BATTERY,1,95.480536,4560066.000000,,
BATTERY,1,95.476525,4561570.000000,,
BATTERY,1,95.476231,4561891.000000,,
BATTERY,1,95.472220,4563395.000000,,
BATTERY,1,95.471633,4564036.000000,,
BATTERY,1,95.467622,4565540.000000,,
BATTERY,1,95.467241,4565956.000000,,
BATTERY,1,95.463230,4567460.000000,,
BATTERY,1,95.462936,4567781.000000,,
BATTERY,1,95.458925,4569285.000000,,
BATTERY,1,93.660136,6531600.000000,,
BATTERY,1,93.656467,6532976.000000,,
BATTERY,1,93.655691,6533822.000000,,
BATTERY,1,93.651681,6535326.000000,,
BATTERY,1,93.651373,6535662.000000,,
BATTERY,1,93.647362,6537166.000000,,
BATTERY,1,93.647068,6537487.000000,,
BATTERY,1,93.643057,6538991.000000,,
BATTERY,1,93.642676,6539407.000000,,
BATTERY,1,93.638665,6540911.000000,,
BATTERY,1,93.638236,6541379.000000,,
BATTERY,1,93.634225,6542883.000000,,
BATTERY,1,93.633931,6543204.000000,,
BATTERY,1,93.629921,6544708.000000,,
BATTERY,1,93.629539,6545124.000000,,
BATTERY,1,93.625529,6546628.000000,,
BATTERY,1,93.625234,6546949.000000,,
BATTERY,1,93.621224,6548453.000000,,
BATTERY,1,93.620842,6548869.000000,,
BATTERY,1,93.616832,6550373.000000,,
BATTERY,1,93.616537,6550694.000000,,
BATTERY,1,93.612527,6552198.000000,,
BATTERY,1,93.612232,6552519.000000,,
BATTERY,1,93.608222,6554023.000000,,
BATTERY,1,93.607547,6554759.000000,,
BATTERY,1,93.603536,6556263.000000,,
BATTERY,1,93.603331,6556487.000000,,
BATTERY,1,93.599183,6558184.000000,,
BATTERY,1,93.598596,6558824.000000,,
BATTERY,1,93.594586,6560328.000000,,
BATTERY,1,93.594291,6560649.000000,,
BATTERY,1,93.590281,6562153.000000,,
BATTERY,1,93.589606,6562889.000000,,
BATTERY,1,93.585595,6564393.000000,,
BATTERY,1,93.585301,6564714.000000,,
BATTERY,1,93.581290,6566218.000000,,
BATTERY,1,93.579529,6568139.000000,,
BATTERY,1,93.575519,6569643.000000,,
BATTERY,1,93.574638,6570604.000000,,
BATTERY,1,93.570627,6572108.000000,,
BATTERY,1,92.691973,7530640.000000,,
BATTERY,1,92.688304,7532016.000000,,
BATTERY,1,92.687129,7533297.000000,,
BATTERY,1,92.683460,7534673.000000,,
BATTERY,1,92.682286,7535954.000000,,
BATTERY,1,92.678616,7537330.000000,,
BATTERY,1,92.676855,7539251.000000,,
BATTERY,1,92.673186,7540627.000000,,
BATTERY,1,91.764794,8531600.000000,,
BATTERY,1,91.761125,8532976.000000,,
BATTERY,1,91.760405,8533761.000000,,
BATTERY,1,91.756395,8535265.000000,,
BATTERY,1,91.756100,8535586.000000,,
BATTERY,1,91.752090,8537090.000000,,
BATTERY,1,91.751723,8537490.000000,,
BATTERY,1,91.747712,8538994.000000,,
BATTERY,1,91.747403,8539331.000000,,
BATTERY,1,91.743393,8540835.000000,,
BATTERY,1,91.743026,8541235.000000,,
BATTERY,1,91.739015,8542739.000000,,
BATTERY,1,91.738707,8543076.000000,,
BATTERY,1,91.734696,8544580.000000,,
BATTERY,1,91.734329,8544980.000000,,
BATTERY,1,91.730319,8546484.000000,,
BATTERY,1,91.730010,8546821.000000,,
BATTERY,1,91.725999,8548325.000000,,
BATTERY,1,91.725632,8548725.000000,,
BATTERY,1,91.721622,8550229.000000,,
BATTERY,1,91.721313,8550566.000000,,
BATTERY,1,91.717302,8552070.000000,,
BATTERY,1,91.716935,8552470.000000,,
BATTERY,1,91.712925,8553974.000000,,
BATTERY,1,91.712630,8554295.000000,,
BATTERY,1,91.708620,8555799.000000,,
BATTERY,1,91.707945,8556535.000000,,
BATTERY,1,91.703934,8558039.000000,,
BATTERY,1,91.703347,8558680.000000,,
BATTERY,1,91.699336,8560184.000000,,
BATTERY,1,91.698955,8560600.000000,,
BATTERY,1,91.694944,8562104.000000,,
BATTERY,1,91.694826,8562233.000000,,
BATTERY,1,91.690678,8563930.000000,,
BATTERY,1,91.689504,8565210.000000,,
BATTERY,1,91.685494,8566714.000000,,
BATTERY,1,91.683439,8568955.000000,,
BATTERY,1,91.679429,8570459.000000,,
BATTERY,1,89.880836,10532560.000000,,
BATTERY,1,89.877167,10533936.000000,,
BATTERY,1,89.876676,10534471.000000,,
BATTERY,1,89.872666,10535975.000000,,
BATTERY,1,89.872078,10536616.000000,,
BATTERY,1,89.868068,10538120.000000,,
BATTERY,1,89.867773,10538441.000000,,
BATTERY,1,89.863763,10539945.000000,,
BATTERY,1,89.863381,10540361.000000,,
BATTERY,1,89.859371,10541865.000000,,
BATTERY,1,89.859076,10542186.000000,,
BATTERY,1,89.855066,10543690.000000,,
BATTERY,1,89.854684,10544106.000000,,
BATTERY,1,89.850674,10545610.000000,,
BATTERY,1,89.850379,10545931.000000,,
BATTERY,1,89.846369,10547435.000000,,
BATTERY,1,89.845987,10547851.000000,,
BATTERY,1,89.841977,10549355.000000,,
BATTERY,1,89.841683,10549676.000000,,
BATTERY,1,89.837672,10551180.000000,,
BATTERY,1,89.837291,10551596.000000,,
BATTERY,1,89.833280,10553100.000000,,
BATTERY,1,89.832986,10553421.000000,,
BATTERY,1,89.828975,10554925.000000,,
BATTERY,1,89.828594,10555341.000000,,
BATTERY,1,89.824583,10556845.000000,,
BATTERY,1,89.824289,10557166.000000,,
BATTERY,1,89.820278,10558670.000000,,
BATTERY,1,89.819897,10559086.000000,,
BATTERY,1,89.815886,10560590.000000,,
BATTERY,1,89.815592,10560911.000000,,
BATTERY,1,89.811581,10562415.000000,,
BATTERY,1,89.811287,10562736.000000,,
BATTERY,1,89.807276,10564240.000000,,
BATTERY,1,89.806982,10564561.000000,,
BATTERY,1,89.802971,10566065.000000,,
BATTERY,1,89.802590,10566481.000000,,
BATTERY,1,89.798579,10567985.000000,,
BATTERY,1,89.798285,10568306.000000,,
BATTERY,1,89.794274,10569810.000000,,
BATTERY,1,89.793893,10570226.000000,,
BATTERY,1,89.789882,10571730.000000,,
BATTERY,1,89.789471,10572179.000000,,
BATTERY,1,89.785323,10573876.000000,,
BATTERY,1,89.784149,10575156.000000,,
BATTERY,1,89.780139,10576660.000000,,
BATTERY,1,85.238990,15530640.000000,,
BATTERY,1,85.235321,15532016.000000,,
BATTERY,1,85.235027,15532337.000000,,
BATTERY,1,85.231357,15533713.000000,,
BATTERY,1,85.230565,15534577.000000,,
BATTERY,1,85.226896,15535953.000000,,
BATTERY,1,85.226308,15536594.000000,,
BATTERY,1,85.222639,15537970.000000,,
BATTERY,1,84.312985,16530320.000000,,
BATTERY,1,84.309316,16531696.000000,,
BATTERY,1,84.300473,16541343.000000,,
BATTERY,1,84.296462,16542847.000000,,
BATTERY,1,82.474025,18530960.000000,,
BATTERY,1,82.470356,18532336.000000,,
BATTERY,1,82.469674,18533080.000000,,
BATTERY,1,82.465663,18534584.000000,,
BATTERY,1,82.465226,18535061.000000,,
BATTERY,1,82.461215,18536565.000000,,
BATTERY,1,82.460841,18536973.000000,,
BATTERY,1,82.456830,18538477.000000,,
BATTERY,1,82.456536,18538798.000000,,
BATTERY,1,82.452525,18540302.000000,,
BATTERY,1,82.452144,18540718.000000,,
BATTERY,1,82.448133,18542222.000000,,
BATTERY,1,82.447777,18542611.000000,,
BATTERY,1,82.443766,18544115.000000,,
BATTERY,1,82.443623,18544271.000000,,
BATTERY,1,82.439475,18545968.000000,,
BATTERY,1,82.439119,18546356.000000,,
BATTERY,1,82.435109,18547860.000000,,
BATTERY,1,82.434790,18548208.000000,,
BATTERY,1,82.430779,18549712.000000,,
BATTERY,1,82.430422,18550101.000000,,
BATTERY,1,82.426412,18551605.000000,,
BATTERY,1,82.426093,18551953.000000,,
BATTERY,1,82.422082,18553457.000000,,
BATTERY,1,82.421725,18553846.000000,,
BATTERY,1,82.417715,18555350.000000,,
BATTERY,1,82.417333,18555766.000000,,
BATTERY,1,82.413323,18557270.000000,,
BATTERY,1,82.413029,18557591.000000,,
BATTERY,1,82.409018,18559095.000000,,
BATTERY,1,82.408430,18559736.000000,,
BATTERY,1,82.404420,18561240.000000,,
BATTERY,1,82.403452,18562296.000000,,
BATTERY,1,82.399441,18563800.000000,,
BATTERY,1,82.397973,18565401.000000,,
BATTERY,1,82.393963,18566905.000000,,
BATTERY,1,76.010832,25530320.000000,,
BATTERY,1,76.007163,25531696.000000,,
BATTERY,1,76.006575,25532337.000000,,
BATTERY,1,76.002906,25533713.000000,,
BATTERY,1,76.001145,25535634.000000,,
BATTERY,1,75.997476,25537010.000000,,
BATTERY,1,75.996888,25537651.000000,,
BATTERY,1,75.993219,25539027.000000,,
BATTERY,1,75.083947,26530960.000000,,
BATTERY,1,75.080278,26532336.000000,,
BATTERY,1,75.073791,26539412.000000,,
BATTERY,1,75.069781,26540916.000000,,
BATTERY,1,73.245574,28530960.000000,,
BATTERY,1,73.241904,28532336.000000,,
BATTERY,1,73.241242,28533058.000000,,
BATTERY,1,73.237232,28534562.000000,,
BATTERY,1,73.236938,28534883.000000,,
BATTERY,1,73.232927,28536387.000000,,
BATTERY,1,73.232557,28536791.000000,,
BATTERY,1,73.228546,28538295.000000,,
BATTERY,1,73.228241,28538628.000000,,
BATTERY,1,73.224230,28540132.000000,,
BATTERY,1,73.223860,28540536.000000,,
BATTERY,1,73.219849,28542040.000000,,
BATTERY,1,73.219544,28542373.000000,,
BATTERY,1,73.215533,28543877.000000,,
BATTERY,1,73.215163,28544281.000000,,
BATTERY,1,73.211152,28545785.000000,,
BATTERY,1,73.210847,28546118.000000,,
BATTERY,1,73.206836,28547622.000000,,
BATTERY,1,73.206631,28547846.000000,,
BATTERY,1,73.202483,28549543.000000,,
BATTERY,1,73.202189,28549863.000000,,
BATTERY,1,73.198179,28551367.000000,,
BATTERY,1,73.197808,28551771.000000,,
BATTERY,1,73.193798,28553275.000000,,
BATTERY,1,73.193492,28553608.000000,,
BATTERY,1,73.189482,28555112.000000,,
BATTERY,1,73.189187,28555433.000000,,
BATTERY,1,73.185177,28556937.000000,,
BATTERY,1,73.184795,28557353.000000,,
BATTERY,1,73.180785,28558857.000000,,
BATTERY,1,73.180197,28559498.000000,,
BATTERY,1,73.176186,28561002.000000,,
BATTERY,1,73.175892,28561323.000000,,
BATTERY,1,73.171882,28562827.000000,,
BATTERY,1,73.170034,28564843.000000,,
BATTERY,1,73.166023,28566347.000000,,
BATTERY,1,73.164555,28567948.000000,,
BATTERY,1,73.160545,28569452.000000,,
BATTERY,1,66.779456,35530640.000000,,
BATTERY,1,66.775786,35532016.000000,,
BATTERY,1,66.773732,35534257.000000,,
BATTERY,1,66.770063,35535633.000000,,
BATTERY,1,66.768595,35537234.000000,,
BATTERY,1,66.764926,35538610.000000,,
BATTERY,1,66.763458,35540211.000000,,
BATTERY,1,66.759789,35541587.000000,,
BATTERY,1,65.853450,36530320.000000,,
BATTERY,1,65.849781,36531696.000000,,
BATTERY,1,65.847312,36534389.000000,,
BATTERY,1,65.843302,36535893.000000,,
BATTERY,1,64.015077,38530320.000000,,
BATTERY,1,64.011408,38531696.000000,,
BATTERY,1,64.009700,38533559.000000,,
BATTERY,1,64.005689,38535063.000000,,
BATTERY,1,64.005377,38535404.000000,,
BATTERY,1,64.001366,38536908.000000,,
BATTERY,1,64.001015,38537291.000000,,
BATTERY,1,63.997004,38538795.000000,,
BATTERY,1,63.996680,38539149.000000,,
BATTERY,1,63.992669,38540653.000000,,
BATTERY,1,63.992271,38541087.000000,,
BATTERY,1,63.988261,38542591.000000,,
BATTERY,1,63.988055,38542815.000000,,
BATTERY,1,63.983907,38544512.000000,,
BATTERY,1,63.983614,38544832.000000,,
BATTERY,1,63.979603,38546336.000000,,
BATTERY,1,63.979309,38546657.000000,,
BATTERY,1,63.975298,38548161.000000,,
BATTERY,1,63.974917,38548577.000000,,
BATTERY,1,63.970906,38550081.000000,,
BATTERY,1,63.970612,38550402.000000,,
BATTERY,1,63.966601,38551906.000000,,
BATTERY,1,63.966220,38552322.000000,,
BATTERY,1,63.962209,38553826.000000,,
BATTERY,1,63.961915,38554147.000000,,
BATTERY,1,63.957904,38555651.000000,,
BATTERY,1,63.957523,38556067.000000,,
BATTERY,1,63.953512,38557571.000000,,
BATTERY,1,63.953218,38557892.000000,,
BATTERY,1,63.949207,38559396.000000,,
BATTERY,1,63.948533,38560132.000000,,
BATTERY,1,63.944522,38561636.000000,,
BATTERY,1,63.944141,38562052.000000,,
BATTERY,1,63.940130,38563556.000000,,
BATTERY,1,63.939249,38564517.000000,,
BATTERY,1,63.935238,38566021.000000,,
BATTERY,1,63.934651,38566662.000000,,
BATTERY,1,63.930640,38568166.000000,,
BATTERY,1,63.930346,38568487.000000,,
BATTERY,1,63.926335,38569991.000000,,
BATTERY,1,63.925954,38570407.000000,,
BATTERY,1,63.921943,38571911.000000,,
BATTERY,1,63.919889,38574152.000000,,
BATTERY,1,63.915878,38575656.000000,,
BATTERY,1,57.540770,45530320.000000,,
BATTERY,1,57.537100,45531696.000000,,
BATTERY,1,57.536602,45532240.000000,,
BATTERY,1,57.532932,45533616.000000,,
BATTERY,1,56.617820,46531920.000000,,
BATTERY,1,56.614151,46533296.000000,,
BATTERY,1,56.604948,46543336.000000,,
BATTERY,1,56.600937,46544840.000000,,
BATTERY,1,54.780327,48530960.000000,,
BATTERY,1,54.776658,48532336.000000,,
BATTERY,1,54.776101,48532943.000000,,
BATTERY,1,54.772091,48534447.000000,,
BATTERY,1,54.771796,48534768.000000,,
BATTERY,1,54.767786,48536272.000000,,
BATTERY,1,54.767491,48536593.000000,,
BATTERY,1,54.763481,48538097.000000,,
BATTERY,1,54.763099,48538513.000000,,
BATTERY,1,54.759089,48540017.000000,,
BATTERY,1,54.758795,48540338.000000,,
BATTERY,1,54.754784,48541842.000000,,
BATTERY,1,54.754325,48542343.000000,,
BATTERY,1,54.750314,48543847.000000,,
BATTERY,1,54.750020,48544168.000000,,
BATTERY,1,54.746009,48545672.000000,,
BATTERY,1,54.745628,48546088.000000,,
BATTERY,1,54.741617,48547592.000000,,
BATTERY,1,54.741323,48547913.000000,,
BATTERY,1,54.737312,48549417.000000,,
BATTERY,1,54.736931,48549833.000000,,
BATTERY,1,54.732920,48551337.000000,,
BATTERY,1,54.732539,48551753.000000,,
BATTERY,1,54.728528,48553257.000000,,
BATTERY,1,54.728234,48553578.000000,,
BATTERY,1,54.724223,48555082.000000,,
BATTERY,1,54.723929,48555403.000000,,
BATTERY,1,54.719918,48556907.000000,,
BATTERY,1,54.719420,48557451.000000,,
BATTERY,1,54.715271,48559148.000000,,
BATTERY,1,54.714978,48559468.000000,,
BATTERY,1,54.710967,48560972.000000,,
BATTERY,1,54.710293,48561708.000000,,
BATTERY,1,54.706282,48563212.000000,,
BATTERY,1,54.705401,48564173.000000,,
BATTERY,1,54.701390,48565677.000000,,
BATTERY,1,54.700216,48566958.000000,,
BATTERY,1,54.696206,48568462.000000,,
BATTERY,1,54.695031,48569743.000000,,
BATTERY,1,54.691021,48571247.000000,,
BATTERY,1,54.690433,48571888.000000,,
BATTERY,1,54.686422,48573392.000000,,
BATTERY,1,48.309238,55530320.000000,,
BATTERY,1,48.305569,55531696.000000,,
BATTERY,1,48.304981,55532337.000000,,
BATTERY,1,48.301312,55533713.000000,,
BATTERY,1,48.300138,55534994.000000,,
BATTERY,1,48.296469,55536370.000000,,
BATTERY,1,47.385348,56530320.000000,,
BATTERY,1,47.381678,56531696.000000,,
BATTERY,1,47.372739,56541448.000000,,
BATTERY,1,47.368728,56542952.000000,,
BATTERY,1,45.545214,58532240.000000,,
BATTERY,1,45.541545,58533616.000000,,
BATTERY,1,45.541173,58534022.000000,,
BATTERY,1,45.537162,58535526.000000,,
BATTERY,1,45.536795,58535927.000000,,
BATTERY,1,45.532784,58537431.000000,,
BATTERY,1,45.532490,58537752.000000,,
BATTERY,1,45.528479,58539256.000000,,
BATTERY,1,45.528171,58539592.000000,,
BATTERY,1,45.524160,58541096.000000,,
BATTERY,1,45.523939,58541337.000000,,
BATTERY,1,45.519791,58543034.000000,,
BATTERY,1,45.519458,58543397.000000,,
BATTERY,1,45.515448,58544901.000000,,
BATTERY,1,45.515106,58545274.000000,,
BATTERY,1,45.511095,58546778.000000,,
BATTERY,1,45.510730,58547176.000000,,
BATTERY,1,45.506720,58548680.000000,,
BATTERY,1,45.506409,58549019.000000,,
BATTERY,1,45.502398,58550523.000000,,
BATTERY,1,45.502033,58550921.000000,,
BATTERY,1,45.498023,58552425.000000,,
BATTERY,1,45.497712,58552764.000000,,
BATTERY,1,45.493701,58554268.000000,,
BATTERY,1,45.493337,58554666.000000,,
BATTERY,1,45.489326,58556170.000000,,
BATTERY,1,45.489015,58556509.000000,,
BATTERY,1,45.485004,58558013.000000,,
BATTERY,1,45.484346,58558731.000000,,
BATTERY,1,45.480336,58560235.000000,,
BATTERY,1,45.479954,58560651.000000,,
BATTERY,1,45.475944,58562155.000000,,
BATTERY,1,45.475649,58562476.000000,,
BATTERY,1,45.471639,58563980.000000,,
BATTERY,1,45.470741,58564959.000000,,
BATTERY,1,45.466731,58566463.000000,,
BATTERY,1,45.466143,58567104.000000,,
BATTERY,1,45.462132,58568608.000000,,
BATTERY,1,45.461545,58569249.000000,,
BATTERY,1,45.457534,58570753.000000,,
BATTERY,1,39.077051,65531280.000000,,
BATTERY,1,39.073382,65532656.000000,,
BATTERY,1,39.072501,65533617.000000,,
BATTERY,1,39.068831,65534993.000000,,
BATTERY,1,39.066777,65537234.000000,,
BATTERY,1,39.063108,65538610.000000,,
BATTERY,1,38.151987,66532560.000000,,
BATTERY,1,38.148318,66533936.000000,,
BATTERY,1,38.143499,66539193.000000,,
BATTERY,1,38.139488,66540697.000000,,
BATTERY,1,36.315667,68530320.000000,,
BATTERY,1,36.311998,68531696.000000,,
BATTERY,1,36.311307,68532450.000000,,
BATTERY,1,36.307296,68533954.000000,,
BATTERY,1,36.306944,68534338.000000,,
BATTERY,1,36.302933,68535842.000000,,
BATTERY,1,36.302639,68536163.000000,,
BATTERY,1,36.298628,68537667.000000,,
BATTERY,1,36.298247,68538083.000000,,
BATTERY,1,36.294236,68539587.000000,,
BATTERY,1,36.294118,68539716.000000,,
BATTERY,1,36.289970,68541413.000000,,
BATTERY,1,36.289589,68541828.000000,,
BATTERY,1,36.285579,68543332.000000,,
BATTERY,1,36.285144,68543806.000000,,
BATTERY,1,36.281134,68545310.000000,,
BATTERY,1,36.280839,68545631.000000,,
BATTERY,1,36.276829,68547135.000000,,
BATTERY,1,36.276447,68547551.000000,,
BATTERY,1,36.272437,68549055.000000,,
BATTERY,1,36.272142,68549376.000000,,
BATTERY,1,36.268132,68550880.000000,,
BATTERY,1,36.267457,68551616.000000,,
BATTERY,1,36.263446,68553120.000000,,
BATTERY,1,36.263152,68553441.000000,,
BATTERY,1,36.259142,68554945.000000,,
BATTERY,1,36.258760,68555361.000000,,
BATTERY,1,36.254750,68556865.000000,,
BATTERY,1,36.254455,68557186.000000,,
BATTERY,1,36.250445,68558690.000000,,
BATTERY,1,36.250150,68559011.000000,,
BATTERY,1,36.246140,68560515.000000,,
BATTERY,1,36.245758,68560931.000000,,
BATTERY,1,36.241748,68562435.000000,,
BATTERY,1,36.241366,68562851.000000,,
BATTERY,1,36.237356,68564355.000000,,
BATTERY,1,36.237061,68564676.000000,,
BATTERY,1,36.233051,68566180.000000,,
BATTERY,1,36.232669,68566596.000000,,
BATTERY,1,36.228659,68568100.000000,,
BATTERY,1,29.846624,75530320.000000,,
BATTERY,1,29.842954,75531696.000000,,
BATTERY,1,29.842456,75532240.000000,,
BATTERY,1,29.838786,75533616.000000,,
BATTERY,1,29.838199,75534257.000000,,
BATTERY,1,29.834530,75535633.000000,,
BATTERY,1,28.921853,76531280.000000,,
BATTERY,1,28.918184,76532656.000000,,
BATTERY,1,28.909497,76542132.000000,,
BATTERY,1,28.905487,76543636.000000,,
BATTERY,1,27.083773,78530960.000000,,
BATTERY,1,27.080104,78532336.000000,,
BATTERY,1,27.079346,78533163.000000,,
BATTERY,1,27.075335,78534667.000000,,
BATTERY,1,27.074747,78535308.000000,,
BATTERY,1,27.070737,78536812.000000,,
BATTERY,1,27.070374,78537208.000000,,
BATTERY,1,27.066363,78538712.000000,,
BATTERY,1,27.066146,78538949.000000,,
BATTERY,1,27.061998,78540646.000000,,
BATTERY,1,27.061704,78540966.000000,,
BATTERY,1,27.057694,78542470.000000,,
BATTERY,1,27.057312,78542886.000000,,
BATTERY,1,27.053302,78544390.000000,,
BATTERY,1,27.053007,78544711.000000,,
BATTERY,1,27.048997,78546215.000000,,
BATTERY,1,27.048615,78546631.000000,,
BATTERY,1,27.044605,78548135.000000,,
BATTERY,1,27.044310,78548456.000000,,
BATTERY,1,27.040300,78549960.000000,,
BATTERY,1,27.039918,78550376.000000,,
BATTERY,1,27.035908,78551880.000000,,
BATTERY,1,27.035614,78552201.000000,,
BATTERY,1,27.031603,78553705.000000,,
BATTERY,1,27.031222,78554121.000000,,
BATTERY,1,27.027211,78555625.000000,,
BATTERY,1,27.026917,78555946.000000,,
BATTERY,1,27.022906,78557450.000000,,
BATTERY,1,27.022525,78557866.000000,,
BATTERY,1,27.018514,78559370.000000,,
BATTERY,1,27.018133,78559786.000000,,
BATTERY,1,27.014122,78561290.000000,,
BATTERY,1,27.012068,78563531.000000,,
BATTERY,1,27.008057,78565035.000000,,
BATTERY,1,20.622919,85530640.000000,,
BATTERY,1,20.619250,85532016.000000,,
BATTERY,1,20.618956,85532337.000000,,
BATTERY,1,20.615286,85533713.000000,,
BATTERY,1,20.614494,85534577.000000,,
BATTERY,1,20.610825,85535953.000000,,
BATTERY,1,19.698735,86530960.000000,,
BATTERY,1,19.695066,86532336.000000,,
BATTERY,1,19.689183,86538754.000000,,
BATTERY,1,19.685172,86540258.000000,,
BATTERY,1,17.858895,88532560.000000,,
BATTERY,1,17.855226,88533936.000000,,
BATTERY,1,17.853794,88535498.000000,,
BATTERY,1,17.849783,88537002.000000,,
BATTERY,1,17.849435,88537382.000000,,
BATTERY,1,17.845424,88538886.000000,,
BATTERY,1,17.845130,88539207.000000,,
BATTERY,1,17.841119,88540711.000000,,
BATTERY,1,17.841001,88540840.000000,,
BATTERY,1,17.836853,88542537.000000,,
BATTERY,1,17.836472,88542952.000000,,
BATTERY,1,17.832462,88544456.000000,,
BATTERY,1,17.832168,88544777.000000,,
BATTERY,1,17.828157,88546281.000000,,
BATTERY,1,17.827776,88546697.000000,,
BATTERY,1,17.823765,88548201.000000,,
BATTERY,1,17.823471,88548522.000000,,
BATTERY,1,17.819460,88550026.000000,,
BATTERY,1,17.819079,88550442.000000,,
BATTERY,1,17.815068,88551946.000000,,
BATTERY,1,17.814774,88552267.000000,,
BATTERY,1,17.810763,88553771.000000,,
BATTERY,1,17.810382,88554187.000000,,
BATTERY,1,17.806371,88555691.000000,,
BATTERY,1,17.806077,88556012.000000,,
BATTERY,1,17.802066,88557516.000000,,
BATTERY,1,17.801685,88557932.000000,,
BATTERY,1,17.797674,88559436.000000,,
BATTERY,1,17.797380,88559757.000000,,
BATTERY,1,17.793369,88561261.000000,,
BATTERY,1,17.793075,88561582.000000,,
BATTERY,1,17.789064,88563086.000000,,
BATTERY,1,17.788390,88563822.000000,,
BATTERY,1,17.784379,88565326.000000,,
BATTERY,1,17.783205,88566607.000000,,
BATTERY,1,17.779194,88568111.000000,,
BATTERY,1,17.777140,88570352.000000,,
BATTERY,1,17.773129,88571856.000000,,
BATTERY,1,11.394537,95530320.000000,,
BATTERY,1,11.390868,95531696.000000,,
BATTERY,1,11.390574,95532017.000000,,
BATTERY,1,11.386904,95533393.000000,,
BATTERY,1,11.385730,95534674.000000,,
BATTERY,1,11.382061,95536050.000000,,
BATTERY,1,11.380300,95537971.000000,,
BATTERY,1,11.376630,95539347.000000,,
BATTERY,1,10.467652,96530960.000000,,
BATTERY,1,10.463982,96532336.000000,,
BATTERY,1,10.455440,96541655.000000,,
BATTERY,1,10.451429,96543159.000000,,
BATTERY,1,8.629278,98530960.000000,,
BATTERY,1,8.625609,98532336.000000,,
BATTERY,1,8.624585,98533453.000000,,
BATTERY,1,8.620575,98534957.000000,,
BATTERY,1,8.620072,98535505.000000,,
BATTERY,1,8.616062,98537009.000000,,
BATTERY,1,8.615610,98537502.000000,,
BATTERY,1,8.611599,98539006.000000,,
BATTERY,1,8.611282,98539352.000000,,
BATTERY,1,8.607271,98540856.000000,,
BATTERY,1,8.606913,98541247.000000,,
BATTERY,1,8.602902,98542751.000000,,
BATTERY,1,8.602497,98543193.000000,,
BATTERY,1,8.598486,98544697.000000,,
BATTERY,1,8.598281,98544921.000000,,
BATTERY,1,8.594133,98546618.000000,,
BATTERY,1,8.593839,98546938.000000,,
BATTERY,1,8.589829,98548442.000000,,
BATTERY,1,8.589534,98548763.000000,,
BATTERY,1,8.585524,98550267.000000,,
BATTERY,1,8.585142,98550683.000000,,
BATTERY,1,8.581132,98552187.000000,,
BATTERY,1,8.580838,98552508.000000,,
BATTERY,1,8.576827,98554012.000000,,
BATTERY,1,8.576446,98554428.000000,,
BATTERY,1,8.572435,98555932.000000,,
BATTERY,1,8.571760,98556668.000000,,
BATTERY,1,8.567750,98558172.000000,,
BATTERY,1,8.567455,98558493.000000,,
BATTERY,1,8.563445,98559997.000000,,
BATTERY,1,8.563150,98560318.000000,,
BATTERY,1,8.559140,98561822.000000,,
BATTERY,1,8.557085,98564063.000000,,
BATTERY,1,8.553075,98565567.000000,,
BATTERY,1,2.168718,105530320.000000,,
BATTERY,1,2.165049,105531696.000000,,
BATTERY,1,2.163581,105533297.000000,,
BATTERY,1,2.159912,105534673.000000,,
BATTERY,1,2.159031,105535634.000000,,
BATTERY,1,2.155361,105537010.000000,,
BATTERY,1,1.244827,106530320.000000,,
BATTERY,1,1.241158,106531696.000000,,
BATTERY,1,1.233095,106540492.000000,,
BATTERY,1,1.229084,106541996.000000,,
BATTERY,1,0.000000,108531920.000000,,
BATTERY,1,0.000000,499530000.000000,,
