BATTERY,55,99.997947,2016.000000,,
BATTERY,55,99.997947,2016.000000,,
BATTERY,55,99.996218,3713.000000,,
BATTERY,55,99.996218,3713.000000,,
BATTERY,55,99.994164,5730.000000,,
BATTERY,55,99.994164,5730.000000,,
BATTERY,55,99.992435,7427.000000,,
BATTERY,55,99.992435,7427.000000,,
BATTERY,55,99.988426,11364.000000,,
BATTERY,55,99.988426,11364.000000,,
BATTERY,55,99.967391,32016.000000,,
BATTERY,55,99.967391,32016.000000,,
BATTERY,55,99.965663,33713.000000,,
BATTERY,55,99.965663,33713.000000,,
BATTERY,55,99.963934,35410.000000,,
BATTERY,55,99.963934,35410.000000,,
BATTERY,55,99.961750,37555.000000,,
BATTERY,55,99.961750,37555.000000,,
BATTERY,55,99.959891,39380.000000,,
BATTERY,55,99.959891,39380.000000,,
BATTERY,55,99.957935,41300.000000,,
BATTERY,55,99.957935,41300.000000,,
BATTERY,55,99.956049,43152.000000,,
BATTERY,55,99.956049,43152.000000,,
BATTERY,55,99.955848,43349.000000,,
BATTERY,55,99.951239,45046.000000,,
BATTERY,55,99.949354,46897.000000,,
BATTERY,55,99.949354,46897.000000,,
BATTERY,55,99.947426,48790.000000,,
BATTERY,55,99.947426,48790.000000,,
BATTERY,55,99.945539,50642.000000,,
BATTERY,55,99.945539,50642.000000,,
BATTERY,55,99.943611,52535.000000,,
BATTERY,55,99.943611,52535.000000,,
BATTERY,55,99.941725,54387.000000,,
BATTERY,55,99.941725,54387.000000,,
BATTERY,55,99.939797,56280.000000,,
BATTERY,55,99.939797,56280.000000,,
BATTERY,55,99.937911,58132.000000,,
BATTERY,55,99.937911,58132.000000,,
BATTERY,55,99.935983,60025.000000,,
BATTERY,55,99.935983,60025.000000,,
BATTERY,55,99.934096,61877.000000,,
BATTERY,55,99.934096,61877.000000,,
BATTERY,55,99.932141,63797.000000,,
BATTERY,55,99.932141,63797.000000,,
BATTERY,55,99.929956,65942.000000,,
BATTERY,55,99.929956,65942.000000,,
BATTERY,55,99.928001,67862.000000,,
BATTERY,55,99.928001,67862.000000,,
BATTERY,55,99.455577,531696.000000,,
BATTERY,55,99.455577,531696.000000,,
BATTERY,55,99.453665,533573.000000,,
BATTERY,55,99.453665,533573.000000,,
BATTERY,55,99.451893,535313.000000,,
BATTERY,55,99.451893,535313.000000,,
BATTERY,55,99.450034,537138.000000,,
BATTERY,55,99.450034,537138.000000,,
BATTERY,55,99.448060,539076.000000,,
BATTERY,55,99.448060,539076.000000,,
BATTERY,55,99.446202,540901.000000,,
BATTERY,55,99.446202,540901.000000,,
BATTERY,55,99.444165,542901.000000,,
BATTERY,55,99.444165,542901.000000,,
BATTERY,55,99.442306,544726.000000,,
BATTERY,55,99.442306,544726.000000,,
BATTERY,55,99.440350,546646.000000,,
BATTERY,55,99.440350,546646.000000,,
BATTERY,55,99.438491,548471.000000,,
BATTERY,55,99.438491,548471.000000,,
BATTERY,55,99.436536,550391.000000,,
BATTERY,55,99.436536,550391.000000,,
BATTERY,55,99.434677,552216.000000,,
BATTERY,55,99.434677,552216.000000,,
BATTERY,55,99.432722,554136.000000,,
BATTERY,55,99.432722,554136.000000,,
BATTERY,55,99.430863,555961.000000,,
BATTERY,55,99.430863,555961.000000,,
BATTERY,55,99.428907,557881.000000,,
BATTERY,55,99.428907,557881.000000,,
BATTERY,55,99.427048,559706.000000,,
BATTERY,55,99.427048,559706.000000,,
BATTERY,55,99.425093,561626.000000,,
BATTERY,55,99.425093,561626.000000,,
BATTERY,55,99.423234,563451.000000,,
BATTERY,55,99.423234,563451.000000,,
BATTERY,55,99.421083,565563.000000,,
BATTERY,55,99.421083,565563.000000,,
BATTERY,55,99.419224,567388.000000,,
BATTERY,55,99.419224,567388.000000,,
BATTERY,55,99.418767,567837.000000,,
BATTERY,55,99.414158,569534.000000,,
BATTERY,55,98.973667,1002016.000000,,
BATTERY,55,98.973667,1002016.000000,,
BATTERY,55,98.943111,1032016.000000,,
BATTERY,55,98.943111,1032016.000000,,
BATTERY,55,98.433852,1532016.000000,,
BATTERY,55,98.433852,1532016.000000,,
BATTERY,55,98.431803,1534028.000000,,
BATTERY,55,98.431803,1534028.000000,,
BATTERY,55,98.429944,1535853.000000,,
BATTERY,55,98.429944,1535853.000000,,
BATTERY,55,98.429717,1536076.000000,,
BATTERY,55,98.425108,1537773.000000,,
BATTERY,55,98.423249,1539598.000000,,
BATTERY,55,98.423249,1539598.000000,,
BATTERY,55,98.421294,1541517.000000,,
BATTERY,55,98.421294,1541517.000000,,
BATTERY,55,98.419434,1543343.000000,,
BATTERY,55,98.419434,1543343.000000,,
BATTERY,55,98.417480,1545262.000000,,
BATTERY,55,98.417480,1545262.000000,,
BATTERY,55,98.415620,1547088.000000,,
BATTERY,55,98.415620,1547088.000000,,
BATTERY,55,98.413666,1549007.000000,,
BATTERY,55,98.413666,1549007.000000,,
BATTERY,55,98.411806,1550833.000000,,
BATTERY,55,98.411806,1550833.000000,,
BATTERY,55,98.409851,1552752.000000,,
BATTERY,55,98.409851,1552752.000000,,
BATTERY,55,98.407992,1554577.000000,,
BATTERY,55,98.407992,1554577.000000,,
BATTERY,55,98.406037,1556497.000000,,
BATTERY,55,98.406037,1556497.000000,,
BATTERY,55,98.404178,1558322.000000,,
BATTERY,55,98.404178,1558322.000000,,
BATTERY,55,98.401993,1560467.000000,,
BATTERY,55,98.401993,1560467.000000,,
BATTERY,55,98.400038,1562387.000000,,
BATTERY,55,98.400038,1562387.000000,,
BATTERY,55,98.397201,1565172.000000,,
BATTERY,55,98.397201,1565172.000000,,
BATTERY,55,98.384261,1577877.000000,,
BATTERY,55,98.384261,1577877.000000,,
BATTERY,55,97.411801,2532656.000000,,
BATTERY,55,97.411801,2532656.000000,,
BATTERY,55,97.411586,2532867.000000,,
BATTERY,55,97.406977,2534564.000000,,
BATTERY,55,97.405119,2536388.000000,,
BATTERY,55,97.405119,2536388.000000,,
BATTERY,55,97.403125,2538346.000000,,
BATTERY,55,97.403125,2538346.000000,,
BATTERY,55,97.401266,2540171.000000,,
BATTERY,55,97.401266,2540171.000000,,
BATTERY,55,97.399310,2542091.000000,,
BATTERY,55,97.399310,2542091.000000,,
BATTERY,55,97.397452,2543916.000000,,
BATTERY,55,97.397452,2543916.000000,,
BATTERY,55,97.395496,2545836.000000,,
BATTERY,55,97.395496,2545836.000000,,
BATTERY,55,97.393637,2547661.000000,,
BATTERY,55,97.393637,2547661.000000,,
BATTERY,55,97.391682,2549581.000000,,
BATTERY,55,97.391682,2549581.000000,,
BATTERY,55,97.389823,2551406.000000,,
BATTERY,55,97.389823,2551406.000000,,
BATTERY,55,97.387867,2553326.000000,,
BATTERY,55,97.387867,2553326.000000,,
BATTERY,55,97.386009,2555151.000000,,
BATTERY,55,97.386009,2555151.000000,,
BATTERY,55,97.384053,2557071.000000,,
BATTERY,55,97.384053,2557071.000000,,
BATTERY,55,97.382194,2558896.000000,,
BATTERY,55,97.382194,2558896.000000,,
BATTERY,55,97.380239,2560816.000000,,
BATTERY,55,97.380239,2560816.000000,,
BATTERY,55,97.378380,2562641.000000,,
BATTERY,55,97.378380,2562641.000000,,
BATTERY,55,97.376424,2564561.000000,,
BATTERY,55,97.376424,2564561.000000,,
BATTERY,55,97.374565,2566386.000000,,
BATTERY,55,97.374565,2566386.000000,,
BATTERY,55,97.371729,2569171.000000,,
BATTERY,55,97.371729,2569171.000000,,
BATTERY,55,97.369544,2571316.000000,,
BATTERY,55,97.369544,2571316.000000,,
BATTERY,55,96.930868,3002016.000000,,
BATTERY,55,96.930868,3002016.000000,,
BATTERY,55,96.899335,3032976.000000,,
BATTERY,55,96.899335,3032976.000000,,
BATTERY,55,96.896063,3036188.000000,,
BATTERY,55,96.896063,3036188.000000,,
BATTERY,55,96.894205,3038013.000000,,
BATTERY,55,96.894205,3038013.000000,,
BATTERY,55,96.893903,3038309.000000,,
BATTERY,55,96.889294,3040006.000000,,
BATTERY,55,96.887260,3042003.000000,,
BATTERY,55,96.887260,3042003.000000,,
BATTERY,55,96.885401,3043828.000000,,
BATTERY,55,96.885401,3043828.000000,,
BATTERY,55,96.883446,3045748.000000,,
BATTERY,55,96.883446,3045748.000000,,
BATTERY,55,96.881453,3047704.000000,,
BATTERY,55,96.881453,3047704.000000,,
BATTERY,55,96.879595,3049529.000000,,
BATTERY,55,96.879595,3049529.000000,,
BATTERY,55,96.877639,3051449.000000,,
BATTERY,55,96.877639,3051449.000000,,
BATTERY,55,96.875780,3053274.000000,,
BATTERY,55,96.875780,3053274.000000,,
BATTERY,55,96.873825,3055194.000000,,
BATTERY,55,96.873825,3055194.000000,,
BATTERY,55,96.871966,3057019.000000,,
BATTERY,55,96.871966,3057019.000000,,
BATTERY,55,96.870010,3058939.000000,,
BATTERY,55,96.870010,3058939.000000,,
BATTERY,55,96.868152,3060764.000000,,
BATTERY,55,96.868152,3060764.000000,,
BATTERY,55,96.866196,3062684.000000,,
BATTERY,55,96.866196,3062684.000000,,
BATTERY,55,96.864241,3064604.000000,,
BATTERY,55,96.864241,3064604.000000,,
BATTERY,55,96.862382,3066429.000000,,
BATTERY,55,96.862382,3066429.000000,,
BATTERY,55,96.860523,3068254.000000,,
BATTERY,55,96.860523,3068254.000000,,
BATTERY,55,96.858567,3070174.000000,,
BATTERY,55,96.858567,3070174.000000,,
BATTERY,55,96.856709,3071999.000000,,
BATTERY,55,96.856709,3071999.000000,,
BATTERY,55,96.854427,3074239.000000,,
BATTERY,55,96.854427,3074239.000000,,
BATTERY,55,96.850939,3077664.000000,,
BATTERY,55,96.850939,3077664.000000,,
BATTERY,55,96.388499,3531696.000000,,
BATTERY,55,96.388499,3531696.000000,,
BATTERY,55,96.386444,3533713.000000,,
BATTERY,55,96.386444,3533713.000000,,
BATTERY,55,96.383738,3536370.000000,,
BATTERY,55,96.383738,3536370.000000,,
BATTERY,55,96.380380,3539667.000000,,
BATTERY,55,96.380380,3539667.000000,,
BATTERY,55,95.368351,4533296.000000,,
BATTERY,55,95.368351,4533296.000000,,
BATTERY,55,95.366080,4535525.000000,,
BATTERY,55,95.366080,4535525.000000,,
BATTERY,55,95.364089,4537480.000000,,
BATTERY,55,95.364089,4537480.000000,,
BATTERY,55,95.362230,4539305.000000,,
BATTERY,55,95.362230,4539305.000000,,
BATTERY,55,95.360353,4541148.000000,,
BATTERY,55,95.360353,4541148.000000,,
BATTERY,55,95.358416,4543050.000000,,
BATTERY,55,95.358416,4543050.000000,,
BATTERY,55,95.358188,4543274.000000,,
BATTERY,55,95.353579,4544971.000000,,
BATTERY,55,95.351721,4546795.000000,,
BATTERY,55,95.351721,4546795.000000,,
BATTERY,55,95.349844,4548638.000000,,
BATTERY,55,95.349844,4548638.000000,,
BATTERY,55,95.347906,4550540.000000,,
BATTERY,55,95.347906,4550540.000000,,
BATTERY,55,95.346029,4552383.000000,,
BATTERY,55,95.346029,4552383.000000,,
BATTERY,55,95.344074,4554303.000000,,
BATTERY,55,95.344074,4554303.000000,,
BATTERY,55,95.342345,4556000.000000,,
BATTERY,55,95.342345,4556000.000000,,
BATTERY,55,95.340487,4557825.000000,,
BATTERY,55,95.340487,4557825.000000,,
BATTERY,55,95.338628,4559650.000000,,
BATTERY,55,95.338628,4559650.000000,,
BATTERY,55,95.336672,4561570.000000,,
BATTERY,55,95.336672,4561570.000000,,
BATTERY,55,95.334813,4563395.000000,,
BATTERY,55,95.334813,4563395.000000,,
BATTERY,55,95.332629,4565540.000000,,
BATTERY,55,95.332629,4565540.000000,,
BATTERY,55,95.330673,4567460.000000,,
BATTERY,55,95.330673,4567460.000000,,
BATTERY,55,95.328814,4569285.000000,,
BATTERY,55,95.328814,4569285.000000,,
BATTERY,55,93.328759,6532976.000000,,
BATTERY,55,93.328759,6532976.000000,,
BATTERY,55,93.326365,6535326.000000,,
BATTERY,55,93.326365,6535326.000000,,
BATTERY,55,93.324491,6537166.000000,,
BATTERY,55,93.324491,6537166.000000,,
BATTERY,55,93.322632,6538991.000000,,
BATTERY,55,93.322632,6538991.000000,,
BATTERY,55,93.320677,6540911.000000,,
BATTERY,55,93.320677,6540911.000000,,
BATTERY,55,93.318668,6542883.000000,,
BATTERY,55,93.318668,6542883.000000,,
BATTERY,55,93.316809,6544708.000000,,
BATTERY,55,93.316809,6544708.000000,,
BATTERY,55,93.314854,6546628.000000,,
BATTERY,55,93.314854,6546628.000000,,
BATTERY,55,93.314722,6546757.000000,,
BATTERY,55,93.310113,6548454.000000,,
BATTERY,55,93.308159,6550373.000000,,
BATTERY,55,93.308159,6550373.000000,,
BATTERY,55,93.306300,6552198.000000,,
BATTERY,55,93.306300,6552198.000000,,
BATTERY,55,93.304441,6554023.000000,,
BATTERY,55,93.304441,6554023.000000,,
BATTERY,55,93.302160,6556263.000000,,
BATTERY,55,93.302160,6556263.000000,,
BATTERY,55,93.300301,6558088.000000,,
BATTERY,55,93.300301,6558088.000000,,
BATTERY,55,93.298019,6560328.000000,,
BATTERY,55,93.298019,6560328.000000,,
BATTERY,55,93.296161,6562153.000000,,
BATTERY,55,93.296161,6562153.000000,,
BATTERY,55,93.293879,6564393.000000,,
BATTERY,55,93.293879,6564393.000000,,
BATTERY,55,93.292020,6566218.000000,,
BATTERY,55,93.292020,6566218.000000,,
BATTERY,55,93.288532,6569643.000000,,
BATTERY,55,93.288532,6569643.000000,,
BATTERY,55,93.286021,6572108.000000,,
BATTERY,55,93.286021,6572108.000000,,
BATTERY,55,92.308337,7532016.000000,,
BATTERY,55,92.308337,7532016.000000,,
BATTERY,55,92.305631,7534673.000000,,
BATTERY,55,92.305631,7534673.000000,,
BATTERY,55,92.302925,7537330.000000,,
BATTERY,55,92.302925,7537330.000000,,
BATTERY,55,92.299567,7540627.000000,,
BATTERY,55,92.299567,7540627.000000,,
BATTERY,55,91.288841,8532976.000000,,
BATTERY,55,91.288841,8532976.000000,,
BATTERY,55,91.286510,8535265.000000,,
BATTERY,55,91.286510,8535265.000000,,
BATTERY,55,91.284651,8537090.000000,,
BATTERY,55,91.284651,8537090.000000,,
BATTERY,55,91.284423,8537314.000000,,
BATTERY,55,91.279813,8539011.000000,,
BATTERY,55,91.277956,8540835.000000,,
BATTERY,55,91.277956,8540835.000000,,
BATTERY,55,91.276016,8542739.000000,,
BATTERY,55,91.276016,8542739.000000,,
BATTERY,55,91.274141,8544580.000000,,
BATTERY,55,91.274141,8544580.000000,,
BATTERY,55,91.272202,8546484.000000,,
BATTERY,55,91.272202,8546484.000000,,
BATTERY,55,91.270327,8548325.000000,,
BATTERY,55,91.270327,8548325.000000,,
BATTERY,55,91.268388,8550229.000000,,
BATTERY,55,91.268388,8550229.000000,,
BATTERY,55,91.266513,8552070.000000,,
BATTERY,55,91.266513,8552070.000000,,
BATTERY,55,91.264573,8553974.000000,,
BATTERY,55,91.264573,8553974.000000,,
BATTERY,55,91.262715,8555799.000000,,
BATTERY,55,91.262715,8555799.000000,,
BATTERY,55,91.260433,8558039.000000,,
BATTERY,55,91.260433,8558039.000000,,
BATTERY,55,91.258248,8560184.000000,,
BATTERY,55,91.258248,8560184.000000,,
BATTERY,55,91.256293,8562104.000000,,
BATTERY,55,91.256293,8562104.000000,,
BATTERY,55,91.254434,8563929.000000,,
BATTERY,55,91.254434,8563929.000000,,
BATTERY,55,91.251597,8566714.000000,,
BATTERY,55,91.251597,8566714.000000,,
BATTERY,55,91.247783,8570459.000000,,
BATTERY,55,91.247783,8570459.000000,,
BATTERY,55,89.247945,10533936.000000,,
BATTERY,55,89.247945,10533936.000000,,
BATTERY,55,89.245869,10535975.000000,,
BATTERY,55,89.245869,10535975.000000,,
BATTERY,55,89.243684,10538120.000000,,
BATTERY,55,89.243684,10538120.000000,,
BATTERY,55,89.241825,10539945.000000,,
BATTERY,55,89.241825,10539945.000000,,
BATTERY,55,89.239870,10541865.000000,,
BATTERY,55,89.239870,10541865.000000,,
BATTERY,55,89.238011,10543690.000000,,
BATTERY,55,89.238011,10543690.000000,,
BATTERY,55,89.237783,10543914.000000,,
BATTERY,55,89.233174,10545611.000000,,
BATTERY,55,89.231316,10547435.000000,,
BATTERY,55,89.231316,10547435.000000,,
BATTERY,55,89.229360,10549355.000000,,
BATTERY,55,89.229360,10549355.000000,,
BATTERY,55,89.227501,10551180.000000,,
BATTERY,55,89.227501,10551180.000000,,
BATTERY,55,89.225546,10553100.000000,,
BATTERY,55,89.225546,10553100.000000,,
BATTERY,55,89.223687,10554925.000000,,
BATTERY,55,89.223687,10554925.000000,,
BATTERY,55,89.221731,10556845.000000,,
BATTERY,55,89.221731,10556845.000000,,
BATTERY,55,89.219873,10558670.000000,,
BATTERY,55,89.219873,10558670.000000,,
BATTERY,55,89.217917,10560590.000000,,
BATTERY,55,89.217917,10560590.000000,,
BATTERY,55,89.216058,10562415.000000,,
BATTERY,55,89.216058,10562415.000000,,
BATTERY,55,89.214200,10564240.000000,,
BATTERY,55,89.214200,10564240.000000,,
BATTERY,55,89.212341,10566065.000000,,
BATTERY,55,89.212341,10566065.000000,,
BATTERY,55,89.210385,10567985.000000,,
BATTERY,55,89.210385,10567985.000000,,
BATTERY,55,89.208526,10569810.000000,,
BATTERY,55,89.208526,10569810.000000,,
BATTERY,55,89.206571,10571730.000000,,
BATTERY,55,89.206571,10571730.000000,,
BATTERY,55,89.204386,10573875.000000,,
BATTERY,55,89.204386,10573875.000000,,
BATTERY,55,89.201550,10576660.000000,,
BATTERY,55,89.201550,10576660.000000,,
BATTERY,55,84.154428,15532016.000000,,
BATTERY,55,84.154428,15532016.000000,,
BATTERY,55,84.152699,15533713.000000,,
BATTERY,55,84.152699,15533713.000000,,
BATTERY,55,84.150418,15535953.000000,,
BATTERY,55,84.150418,15535953.000000,,
BATTERY,55,84.148363,15537970.000000,,
BATTERY,55,84.148363,15537970.000000,,
BATTERY,55,83.136235,16531696.000000,,
BATTERY,55,83.136235,16531696.000000,,
BATTERY,55,83.124878,16542847.000000,,
BATTERY,55,83.124878,16542847.000000,,
BATTERY,55,81.098546,18532336.000000,,
BATTERY,55,81.098546,18532336.000000,,
BATTERY,55,81.096257,18534584.000000,,
BATTERY,55,81.096257,18534584.000000,,
BATTERY,55,81.094239,18536565.000000,,
BATTERY,55,81.094239,18536565.000000,,
BATTERY,55,81.092291,18538477.000000,,
BATTERY,55,81.092291,18538477.000000,,
BATTERY,55,81.090433,18540302.000000,,
BATTERY,55,81.090433,18540302.000000,,
BATTERY,55,81.090205,18540526.000000,,
BATTERY,55,81.085595,18542223.000000,,
BATTERY,55,81.083668,18544115.000000,,
BATTERY,55,81.083668,18544115.000000,,
BATTERY,55,81.081782,18545967.000000,,
BATTERY,55,81.081782,18545967.000000,,
BATTERY,55,81.079854,18547860.000000,,
BATTERY,55,81.079854,18547860.000000,,
BATTERY,55,81.077968,18549712.000000,,
BATTERY,55,81.077968,18549712.000000,,
BATTERY,55,81.076040,18551605.000000,,
BATTERY,55,81.076040,18551605.000000,,
BATTERY,55,81.074153,18553457.000000,,
BATTERY,55,81.074153,18553457.000000,,
BATTERY,55,81.072225,18555350.000000,,
BATTERY,55,81.072225,18555350.000000,,
BATTERY,55,81.070270,18557270.000000,,
BATTERY,55,81.070270,18557270.000000,,
BATTERY,55,81.068411,18559095.000000,,
BATTERY,55,81.068411,18559095.000000,,
BATTERY,55,81.066226,18561240.000000,,
BATTERY,55,81.066226,18561240.000000,,
BATTERY,55,81.063619,18563800.000000,,
BATTERY,55,81.063619,18563800.000000,,
BATTERY,55,81.060456,18566905.000000,,
BATTERY,55,81.060456,18566905.000000,,
BATTERY,55,73.966688,25531696.000000,,
BATTERY,55,73.966688,25531696.000000,,
BATTERY,55,73.964633,25533713.000000,,
BATTERY,55,73.964633,25533713.000000,,
BATTERY,55,73.961275,25537010.000000,,
BATTERY,55,73.961275,25537010.000000,,
BATTERY,55,73.959221,25539027.000000,,
BATTERY,55,73.959221,25539027.000000,,
BATTERY,55,72.947517,26532336.000000,,
BATTERY,55,72.947517,26532336.000000,,
BATTERY,55,72.938778,26540916.000000,,
BATTERY,55,72.938778,26540916.000000,,
BATTERY,55,70.910480,28532336.000000,,
BATTERY,55,70.910480,28532336.000000,,
BATTERY,55,70.908213,28534562.000000,,
BATTERY,55,70.908213,28534562.000000,,
BATTERY,55,70.906354,28536387.000000,,
BATTERY,55,70.906354,28536387.000000,,
BATTERY,55,70.904411,28538295.000000,,
BATTERY,55,70.904411,28538295.000000,,
BATTERY,55,70.902540,28540132.000000,,
BATTERY,55,70.902540,28540132.000000,,
BATTERY,55,70.902324,28540344.000000,,
BATTERY,55,70.897715,28542041.000000,,
BATTERY,55,70.895845,28543877.000000,,
BATTERY,55,70.895845,28543877.000000,,
BATTERY,55,70.893902,28545785.000000,,
BATTERY,55,70.893902,28545785.000000,,
BATTERY,55,70.892031,28547622.000000,,
BATTERY,55,70.892031,28547622.000000,,
BATTERY,55,70.890087,28549530.000000,,
BATTERY,55,70.890087,28549530.000000,,
BATTERY,55,70.888216,28551367.000000,,
BATTERY,55,70.888216,28551367.000000,,
BATTERY,55,70.886273,28553275.000000,,
BATTERY,55,70.886273,28553275.000000,,
BATTERY,55,70.884402,28555112.000000,,
BATTERY,55,70.884402,28555112.000000,,
BATTERY,55,70.882543,28556937.000000,,
BATTERY,55,70.882543,28556937.000000,,
BATTERY,55,70.880587,28558857.000000,,
BATTERY,55,70.880587,28558857.000000,,
BATTERY,55,70.878403,28561002.000000,,
BATTERY,55,70.878403,28561002.000000,,
BATTERY,55,70.876544,28562827.000000,,
BATTERY,55,70.876544,28562827.000000,,
BATTERY,55,70.872959,28566347.000000,,
BATTERY,55,70.872959,28566347.000000,,
BATTERY,55,70.869796,28569452.000000,,
BATTERY,55,70.869796,28569452.000000,,
BATTERY,55,63.778296,35532016.000000,,
BATTERY,55,63.778296,35532016.000000,,
BATTERY,55,63.774612,35535633.000000,,
BATTERY,55,63.774612,35535633.000000,,
BATTERY,55,63.771580,35538610.000000,,
BATTERY,55,63.771580,35538610.000000,,
BATTERY,55,63.768548,35541587.000000,,
BATTERY,55,63.768548,35541587.000000,,
BATTERY,55,62.760103,36531696.000000,,
BATTERY,55,62.760103,36531696.000000,,
BATTERY,55,62.755829,36535893.000000,,
BATTERY,55,62.755829,36535893.000000,,
BATTERY,55,60.723066,38531696.000000,,
BATTERY,55,60.723066,38531696.000000,,
BATTERY,55,60.719637,38535063.000000,,
BATTERY,55,60.719637,38535063.000000,,
BATTERY,55,60.717758,38536908.000000,,
BATTERY,55,60.717758,38536908.000000,,
BATTERY,55,60.715836,38538795.000000,,
BATTERY,55,60.715836,38538795.000000,,
BATTERY,55,60.715671,38538957.000000,,
BATTERY,55,60.711062,38540654.000000,,
BATTERY,55,60.709089,38542591.000000,,
BATTERY,55,60.709089,38542591.000000,,
BATTERY,55,60.707230,38544416.000000,,
BATTERY,55,60.707230,38544416.000000,,
BATTERY,55,60.705274,38546336.000000,,
BATTERY,55,60.705274,38546336.000000,,
BATTERY,55,60.703416,38548161.000000,,
BATTERY,55,60.703416,38548161.000000,,
BATTERY,55,60.701460,38550081.000000,,
BATTERY,55,60.701460,38550081.000000,,
BATTERY,55,60.699601,38551906.000000,,
BATTERY,55,60.699601,38551906.000000,,
BATTERY,55,60.697646,38553826.000000,,
BATTERY,55,60.697646,38553826.000000,,
BATTERY,55,60.695787,38555651.000000,,
BATTERY,55,60.695787,38555651.000000,,
BATTERY,55,60.693831,38557571.000000,,
BATTERY,55,60.693831,38557571.000000,,
BATTERY,55,60.691973,38559396.000000,,
BATTERY,55,60.691973,38559396.000000,,
BATTERY,55,60.689691,38561636.000000,,
BATTERY,55,60.689691,38561636.000000,,
BATTERY,55,60.687736,38563556.000000,,
BATTERY,55,60.687736,38563556.000000,,
BATTERY,55,60.685225,38566021.000000,,
BATTERY,55,60.685225,38566021.000000,,
BATTERY,55,60.683040,38568166.000000,,
BATTERY,55,60.683040,38568166.000000,,
BATTERY,55,60.681181,38569991.000000,,
BATTERY,55,60.681181,38569991.000000,,
BATTERY,55,60.679226,38571911.000000,,
BATTERY,55,60.679226,38571911.000000,,
BATTERY,55,60.675411,38575656.000000,,
BATTERY,55,60.675411,38575656.000000,,
BATTERY,55,53.590556,45531696.000000,,
BATTERY,55,53.590556,45531696.000000,,
BATTERY,55,53.588600,45533616.000000,,
BATTERY,55,53.588600,45533616.000000,,
BATTERY,55,52.570408,46533296.000000,,
BATTERY,55,52.570408,46533296.000000,,
BATTERY,55,52.558650,46544840.000000,,
BATTERY,55,52.558650,46544840.000000,,
BATTERY,55,50.534349,48532336.000000,,
BATTERY,55,50.534349,48532336.000000,,
BATTERY,55,50.532198,48534447.000000,,
BATTERY,55,50.532198,48534447.000000,,
BATTERY,55,50.530340,48536272.000000,,
BATTERY,55,50.530340,48536272.000000,,
BATTERY,55,50.530208,48536401.000000,,
BATTERY,55,50.525599,48538098.000000,,
BATTERY,55,50.523645,48540017.000000,,
BATTERY,55,50.523645,48540017.000000,,
BATTERY,55,50.521786,48541842.000000,,
BATTERY,55,50.521786,48541842.000000,,
BATTERY,55,50.519744,48543847.000000,,
BATTERY,55,50.519744,48543847.000000,,
BATTERY,55,50.517885,48545672.000000,,
BATTERY,55,50.517885,48545672.000000,,
BATTERY,55,50.515929,48547592.000000,,
BATTERY,55,50.515929,48547592.000000,,
BATTERY,55,50.514070,48549417.000000,,
BATTERY,55,50.514070,48549417.000000,,
BATTERY,55,50.512115,48551337.000000,,
BATTERY,55,50.512115,48551337.000000,,
BATTERY,55,50.510159,48553257.000000,,
BATTERY,55,50.510159,48553257.000000,,
BATTERY,55,50.508301,48555082.000000,,
BATTERY,55,50.508301,48555082.000000,,
BATTERY,55,50.506442,48556907.000000,,
BATTERY,55,50.506442,48556907.000000,,
BATTERY,55,50.504160,48559147.000000,,
BATTERY,55,50.504160,48559147.000000,,
BATTERY,55,50.502302,48560972.000000,,
BATTERY,55,50.502302,48560972.000000,,
BATTERY,55,50.500020,48563212.000000,,
BATTERY,55,50.500020,48563212.000000,,
BATTERY,55,50.497509,48565677.000000,,
BATTERY,55,50.497509,48565677.000000,,
BATTERY,55,50.494673,48568462.000000,,
BATTERY,55,50.494673,48568462.000000,,
BATTERY,55,50.491836,48571247.000000,,
BATTERY,55,50.491836,48571247.000000,,
BATTERY,55,50.489652,48573392.000000,,
BATTERY,55,50.489652,48573392.000000,,
BATTERY,55,43.402490,55531696.000000,,
BATTERY,55,43.402490,55531696.000000,,
BATTERY,55,43.400436,55533713.000000,,
BATTERY,55,43.400436,55533713.000000,,
BATTERY,55,43.397729,55536370.000000,,
BATTERY,55,43.397729,55536370.000000,,
BATTERY,55,42.383972,56531696.000000,,
BATTERY,55,42.383972,56531696.000000,,
BATTERY,55,42.372507,56542952.000000,,
BATTERY,55,42.372507,56542952.000000,,
BATTERY,55,40.344979,58533616.000000,,
BATTERY,55,40.344979,58533616.000000,,
BATTERY,55,40.343034,58535526.000000,,
BATTERY,55,40.343034,58535526.000000,,
BATTERY,55,40.341093,58537431.000000,,
BATTERY,55,40.341093,58537431.000000,,
BATTERY,55,40.339234,58539256.000000,,
BATTERY,55,40.339234,58539256.000000,,
BATTERY,55,40.337360,58541096.000000,,
BATTERY,55,40.337360,58541096.000000,,
BATTERY,55,40.337115,58541337.000000,,
BATTERY,55,40.332506,58543034.000000,,
BATTERY,55,40.330604,58544901.000000,,
BATTERY,55,40.330604,58544901.000000,,
BATTERY,55,40.328692,58546778.000000,,
BATTERY,55,40.328692,58546778.000000,,
BATTERY,55,40.326755,58548680.000000,,
BATTERY,55,40.326755,58548680.000000,,
BATTERY,55,40.324878,58550523.000000,,
BATTERY,55,40.324878,58550523.000000,,
BATTERY,55,40.322941,58552425.000000,,
BATTERY,55,40.322941,58552425.000000,,
BATTERY,55,40.321064,58554268.000000,,
BATTERY,55,40.321064,58554268.000000,,
BATTERY,55,40.319127,58556170.000000,,
BATTERY,55,40.319127,58556170.000000,,
BATTERY,55,40.317249,58558013.000000,,
BATTERY,55,40.317249,58558013.000000,,
BATTERY,55,40.314986,58560235.000000,,
BATTERY,55,40.314986,58560235.000000,,
BATTERY,55,40.313031,58562155.000000,,
BATTERY,55,40.313031,58562155.000000,,
BATTERY,55,40.311172,58563980.000000,,
BATTERY,55,40.311172,58563980.000000,,
BATTERY,55,40.308643,58566463.000000,,
BATTERY,55,40.308643,58566463.000000,,
BATTERY,55,40.306458,58568608.000000,,
BATTERY,55,40.306458,58568608.000000,,
BATTERY,55,40.304273,58570753.000000,,
BATTERY,55,40.304273,58570753.000000,,
BATTERY,55,33.213446,65532656.000000,,
BATTERY,55,33.213446,65532656.000000,,
BATTERY,55,33.211066,65534993.000000,,
BATTERY,55,33.211066,65534993.000000,,
BATTERY,55,33.207382,65538610.000000,,
BATTERY,55,33.207382,65538610.000000,,
BATTERY,55,32.193624,66533936.000000,,
BATTERY,55,32.193624,66533936.000000,,
BATTERY,55,32.186738,66540697.000000,,
BATTERY,55,32.186738,66540697.000000,,
BATTERY,55,30.158869,68531696.000000,,
BATTERY,55,30.158869,68531696.000000,,
BATTERY,55,30.156569,68533954.000000,,
BATTERY,55,30.156569,68533954.000000,,
BATTERY,55,30.154646,68535842.000000,,
BATTERY,55,30.154646,68535842.000000,,
BATTERY,55,30.152787,68537667.000000,,
BATTERY,55,30.152787,68537667.000000,,
BATTERY,55,30.150831,68539587.000000,,
BATTERY,55,30.150831,68539587.000000,,
BATTERY,55,30.148973,68541412.000000,,
BATTERY,55,30.148973,68541412.000000,,
BATTERY,55,30.147017,68543332.000000,,
BATTERY,55,30.147017,68543332.000000,,
BATTERY,55,30.145002,68545310.000000,,
BATTERY,55,30.145002,68545310.000000,,
BATTERY,55,30.143144,68547135.000000,,
BATTERY,55,30.143144,68547135.000000,,
BATTERY,55,30.142916,68547359.000000,,
BATTERY,55,30.138306,68549056.000000,,
BATTERY,55,30.136449,68550880.000000,,
BATTERY,55,30.136449,68550880.000000,,
BATTERY,55,30.134167,68553120.000000,,
BATTERY,55,30.134167,68553120.000000,,
BATTERY,55,30.132308,68554945.000000,,
BATTERY,55,30.132308,68554945.000000,,
BATTERY,55,30.130353,68556865.000000,,
BATTERY,55,30.130353,68556865.000000,,
BATTERY,55,30.128494,68558690.000000,,
BATTERY,55,30.128494,68558690.000000,,
BATTERY,55,30.126635,68560515.000000,,
BATTERY,55,30.126635,68560515.000000,,
BATTERY,55,30.124680,68562435.000000,,
BATTERY,55,30.124680,68562435.000000,,
BATTERY,55,30.122724,68564355.000000,,
BATTERY,55,30.122724,68564355.000000,,
BATTERY,55,30.120865,68566180.000000,,
BATTERY,55,30.120865,68566180.000000,,
BATTERY,55,30.118910,68568100.000000,,
BATTERY,55,30.118910,68568100.000000,,
BATTERY,55,23.026358,75531696.000000,,
BATTERY,55,23.026358,75531696.000000,,
BATTERY,55,23.024403,75533616.000000,,
BATTERY,55,23.024403,75533616.000000,,
BATTERY,55,23.022348,75535633.000000,,
BATTERY,55,23.022348,75535633.000000,,
BATTERY,55,22.006862,76532656.000000,,
BATTERY,55,22.006862,76532656.000000,,
BATTERY,55,21.995679,76543636.000000,,
BATTERY,55,21.995679,76543636.000000,,
BATTERY,55,19.970151,78532336.000000,,
BATTERY,55,19.970151,78532336.000000,,
BATTERY,55,19.967777,78534667.000000,,
BATTERY,55,19.967777,78534667.000000,,
BATTERY,55,19.965592,78536812.000000,,
BATTERY,55,19.965592,78536812.000000,,
BATTERY,55,19.963657,78538712.000000,,
BATTERY,55,19.963657,78538712.000000,,
BATTERY,55,19.961688,78540645.000000,,
BATTERY,55,19.961688,78540645.000000,,
BATTERY,55,19.961460,78540869.000000,,
BATTERY,55,19.956851,78542566.000000,,
BATTERY,55,19.954993,78544390.000000,,
BATTERY,55,19.954993,78544390.000000,,
BATTERY,55,19.953134,78546215.000000,,
BATTERY,55,19.953134,78546215.000000,,
BATTERY,55,19.951179,78548135.000000,,
BATTERY,55,19.951179,78548135.000000,,
BATTERY,55,19.949320,78549960.000000,,
BATTERY,55,19.949320,78549960.000000,,
BATTERY,55,19.947364,78551880.000000,,
BATTERY,55,19.947364,78551880.000000,,
BATTERY,55,19.945505,78553705.000000,,
BATTERY,55,19.945505,78553705.000000,,
BATTERY,55,19.943550,78555625.000000,,
BATTERY,55,19.943550,78555625.000000,,
BATTERY,55,19.941691,78557450.000000,,
BATTERY,55,19.941691,78557450.000000,,
BATTERY,55,19.939735,78559370.000000,,
BATTERY,55,19.939735,78559370.000000,,
BATTERY,55,19.937780,78561290.000000,,
BATTERY,55,19.937780,78561290.000000,,
BATTERY,55,19.933966,78565035.000000,,
BATTERY,55,19.933966,78565035.000000,,
BATTERY,55,12.837966,85532016.000000,,
BATTERY,55,12.837966,85532016.000000,,
BATTERY,55,12.836238,85533713.000000,,
BATTERY,55,12.836238,85533713.000000,,
BATTERY,55,12.833957,85535953.000000,,
BATTERY,55,12.833957,85535953.000000,,
BATTERY,55,11.819122,86532336.000000,,
BATTERY,55,11.819122,86532336.000000,,
BATTERY,55,11.811053,86540258.000000,,
BATTERY,55,11.811053,86540258.000000,,
BATTERY,55,9.780455,88533936.000000,,
BATTERY,55,9.780455,88533936.000000,,
BATTERY,55,9.777333,88537002.000000,,
BATTERY,55,9.777333,88537002.000000,,
BATTERY,55,9.775414,88538886.000000,,
BATTERY,55,9.775414,88538886.000000,,
BATTERY,55,9.773555,88540711.000000,,
BATTERY,55,9.773555,88540711.000000,,
BATTERY,55,9.771696,88542536.000000,,
BATTERY,55,9.771696,88542536.000000,,
BATTERY,55,9.769740,88544456.000000,,
BATTERY,55,9.769740,88544456.000000,,
BATTERY,55,9.767882,88546281.000000,,
BATTERY,55,9.767882,88546281.000000,,
BATTERY,55,9.765926,88548201.000000,,
BATTERY,55,9.765926,88548201.000000,,
BATTERY,55,9.764067,88550026.000000,,
BATTERY,55,9.764067,88550026.000000,,
BATTERY,55,9.762112,88551946.000000,,
BATTERY,55,9.762112,88551946.000000,,
BATTERY,55,9.760253,88553771.000000,,
BATTERY,55,9.760253,88553771.000000,,
BATTERY,55,9.758297,88555691.000000,,
BATTERY,55,9.758297,88555691.000000,,
BATTERY,55,9.758166,88555820.000000,,
BATTERY,55,9.753557,88557517.000000,,
BATTERY,55,9.751602,88559436.000000,,
BATTERY,55,9.751602,88559436.000000,,
BATTERY,55,9.749744,88561261.000000,,
BATTERY,55,9.749744,88561261.000000,,
BATTERY,55,9.747885,88563086.000000,,
BATTERY,55,9.747885,88563086.000000,,
BATTERY,55,9.745603,88565326.000000,,
BATTERY,55,9.745603,88565326.000000,,
BATTERY,55,9.742767,88568111.000000,,
BATTERY,55,9.742767,88568111.000000,,
BATTERY,55,9.738952,88571856.000000,,
BATTERY,55,9.738952,88571856.000000,,
BATTERY,55,2.650226,95531696.000000,,
BATTERY,55,2.650226,95531696.000000,,
BATTERY,55,2.648498,95533393.000000,,
BATTERY,55,2.648498,95533393.000000,,
BATTERY,55,2.645792,95536050.000000,,
BATTERY,55,2.645792,95536050.000000,,
BATTERY,55,2.642434,95539347.000000,,
BATTERY,55,2.642434,95539347.000000,,
BATTERY,55,1.631056,96532336.000000,,
BATTERY,55,1.631056,96532336.000000,,
BATTERY,55,1.620033,96543159.000000,,
BATTERY,55,1.620033,96543159.000000,,
BATTERY,55,0.000000,98532336.000000,,
BATTERY,55,0.000000,499530000.000000,,
