BATTERY,3,99.998152,2016.000000,,
BATTERY,3,99.998152,2016.000000,,
BATTERY,3,99.996596,3713.000000,,
BATTERY,3,99.996596,3713.000000,,
BATTERY,3,99.994747,5730.000000,,
BATTERY,3,99.994747,5730.000000,,
BATTERY,3,99.993192,7427.000000,,
BATTERY,3,99.993192,7427.000000,,
BATTERY,3,99.989583,11364.000000,,
BATTERY,3,99.989583,11364.000000,,
BATTERY,3,99.970652,32016.000000,,
BATTERY,3,99.970652,32016.000000,,
BATTERY,3,99.969096,33713.000000,,
BATTERY,3,99.969096,33713.000000,,
BATTERY,3,99.967541,35410.000000,,
BATTERY,3,99.967541,35410.000000,,
BATTERY,3,99.965575,37555.000000,,
BATTERY,3,99.965575,37555.000000,,
BATTERY,3,99.963902,39380.000000,,
BATTERY,3,99.963902,39380.000000,,
BATTERY,3,99.962142,41300.000000,,
BATTERY,3,99.962142,41300.000000,,
BATTERY,3,99.960444,43152.000000,,
BATTERY,3,99.960444,43152.000000,,
BATTERY,3,99.960239,43376.000000,,
BATTERY,3,99.956090,45073.000000,,
BATTERY,3,99.954418,46897.000000,,
BATTERY,3,99.954418,46897.000000,,
BATTERY,3,99.952683,48790.000000,,
BATTERY,3,99.952683,48790.000000,,
BATTERY,3,99.950986,50642.000000,,
BATTERY,3,99.950986,50642.000000,,
BATTERY,3,99.949250,52535.000000,,
BATTERY,3,99.949250,52535.000000,,
BATTERY,3,99.947553,54387.000000,,
BATTERY,3,99.947553,54387.000000,,
BATTERY,3,99.945817,56280.000000,,
BATTERY,3,99.945817,56280.000000,,
BATTERY,3,99.944120,58132.000000,,
BATTERY,3,99.944120,58132.000000,,
BATTERY,3,99.942384,60025.000000,,
BATTERY,3,99.942384,60025.000000,,
BATTERY,3,99.940687,61877.000000,,
BATTERY,3,99.940687,61877.000000,,
BATTERY,3,99.938927,63797.000000,,
BATTERY,3,99.938927,63797.000000,,
BATTERY,3,99.936961,65942.000000,,
BATTERY,3,99.936961,65942.000000,,
BATTERY,3,99.935201,67862.000000,,
BATTERY,3,99.935201,67862.000000,,
BATTERY,3,99.510019,531696.000000,,
BATTERY,3,99.510019,531696.000000,,
BATTERY,3,99.508299,533573.000000,,
BATTERY,3,99.508299,533573.000000,,
BATTERY,3,99.506704,535313.000000,,
BATTERY,3,99.506704,535313.000000,,
BATTERY,3,99.505031,537138.000000,,
BATTERY,3,99.505031,537138.000000,,
BATTERY,3,99.503254,539076.000000,,
BATTERY,3,99.503254,539076.000000,,
BATTERY,3,99.501581,540901.000000,,
BATTERY,3,99.501581,540901.000000,,
BATTERY,3,99.499748,542901.000000,,
BATTERY,3,99.499748,542901.000000,,
BATTERY,3,99.498075,544726.000000,,
BATTERY,3,99.498075,544726.000000,,
BATTERY,3,99.496315,546646.000000,,
BATTERY,3,99.496315,546646.000000,,
BATTERY,3,99.496110,546870.000000,,
BATTERY,3,99.491962,548567.000000,,
BATTERY,3,99.490290,550391.000000,,
BATTERY,3,99.490290,550391.000000,,
BATTERY,3,99.488617,552216.000000,,
BATTERY,3,99.488617,552216.000000,,
BATTERY,3,99.486857,554136.000000,,
BATTERY,3,99.486857,554136.000000,,
BATTERY,3,99.485184,555961.000000,,
BATTERY,3,99.485184,555961.000000,,
BATTERY,3,99.483424,557881.000000,,
BATTERY,3,99.483424,557881.000000,,
BATTERY,3,99.481751,559706.000000,,
BATTERY,3,99.481751,559706.000000,,
BATTERY,3,99.479991,561626.000000,,
BATTERY,3,99.479991,561626.000000,,
BATTERY,3,99.478318,563451.000000,,
BATTERY,3,99.478318,563451.000000,,
BATTERY,3,99.476382,565563.000000,,
BATTERY,3,99.476382,565563.000000,,
BATTERY,3,99.474709,567388.000000,,
BATTERY,3,99.474709,567388.000000,,
BATTERY,3,99.472743,569533.000000,,
BATTERY,3,99.472743,569533.000000,,
BATTERY,3,99.076300,1002016.000000,,
BATTERY,3,99.076300,1002016.000000,,
BATTERY,3,99.048800,1032016.000000,,
BATTERY,3,99.048800,1032016.000000,,
BATTERY,3,98.590467,1532016.000000,,
BATTERY,3,98.590467,1532016.000000,,
BATTERY,3,98.588622,1534028.000000,,
BATTERY,3,98.588622,1534028.000000,,
BATTERY,3,98.586949,1535853.000000,,
BATTERY,3,98.586949,1535853.000000,,
BATTERY,3,98.585190,1537772.000000,,
BATTERY,3,98.585190,1537772.000000,,
BATTERY,3,98.583517,1539598.000000,,
BATTERY,3,98.583517,1539598.000000,,
BATTERY,3,98.581757,1541517.000000,,
BATTERY,3,98.581757,1541517.000000,,
BATTERY,3,98.581638,1541647.000000,,
BATTERY,3,98.577490,1543344.000000,,
BATTERY,3,98.575732,1545262.000000,,
BATTERY,3,98.575732,1545262.000000,,
BATTERY,3,98.574058,1547088.000000,,
BATTERY,3,98.574058,1547088.000000,,
BATTERY,3,98.572299,1549007.000000,,
BATTERY,3,98.572299,1549007.000000,,
BATTERY,3,98.570625,1550833.000000,,
BATTERY,3,98.570625,1550833.000000,,
BATTERY,3,98.568866,1552752.000000,,
BATTERY,3,98.568866,1552752.000000,,
BATTERY,3,98.567193,1554577.000000,,
BATTERY,3,98.567193,1554577.000000,,
BATTERY,3,98.565433,1556497.000000,,
BATTERY,3,98.565433,1556497.000000,,
BATTERY,3,98.563760,1558322.000000,,
BATTERY,3,98.563760,1558322.000000,,
BATTERY,3,98.561794,1560467.000000,,
BATTERY,3,98.561794,1560467.000000,,
BATTERY,3,98.560034,1562387.000000,,
BATTERY,3,98.560034,1562387.000000,,
BATTERY,3,98.557481,1565172.000000,,
BATTERY,3,98.557481,1565172.000000,,
BATTERY,3,98.545835,1577877.000000,,
BATTERY,3,98.545835,1577877.000000,,
BATTERY,3,97.670621,2532656.000000,,
BATTERY,3,97.670621,2532656.000000,,
BATTERY,3,97.668888,2534546.000000,,
BATTERY,3,97.668888,2534546.000000,,
BATTERY,3,97.667200,2536388.000000,,
BATTERY,3,97.667200,2536388.000000,,
BATTERY,3,97.665405,2538346.000000,,
BATTERY,3,97.665405,2538346.000000,,
BATTERY,3,97.663732,2540171.000000,,
BATTERY,3,97.663732,2540171.000000,,
BATTERY,3,97.661972,2542091.000000,,
BATTERY,3,97.661972,2542091.000000,,
BATTERY,3,97.660299,2543916.000000,,
BATTERY,3,97.660299,2543916.000000,,
BATTERY,3,97.658539,2545836.000000,,
BATTERY,3,97.658539,2545836.000000,,
BATTERY,3,97.656866,2547661.000000,,
BATTERY,3,97.656866,2547661.000000,,
BATTERY,3,97.655106,2549581.000000,,
BATTERY,3,97.655106,2549581.000000,,
BATTERY,3,97.653433,2551406.000000,,
BATTERY,3,97.653433,2551406.000000,,
BATTERY,3,97.651673,2553326.000000,,
BATTERY,3,97.651673,2553326.000000,,
BATTERY,3,97.651468,2553550.000000,,
BATTERY,3,97.647320,2555247.000000,,
BATTERY,3,97.645648,2557071.000000,,
BATTERY,3,97.645648,2557071.000000,,
BATTERY,3,97.643975,2558896.000000,,
BATTERY,3,97.643975,2558896.000000,,
BATTERY,3,97.642215,2560816.000000,,
BATTERY,3,97.642215,2560816.000000,,
BATTERY,3,97.640542,2562641.000000,,
BATTERY,3,97.640542,2562641.000000,,
BATTERY,3,97.638782,2564561.000000,,
BATTERY,3,97.638782,2564561.000000,,
BATTERY,3,97.637109,2566386.000000,,
BATTERY,3,97.637109,2566386.000000,,
BATTERY,3,97.634556,2569171.000000,,
BATTERY,3,97.634556,2569171.000000,,
BATTERY,3,97.632590,2571316.000000,,
BATTERY,3,97.632590,2571316.000000,,
BATTERY,3,97.237781,3002016.000000,,
BATTERY,3,97.237781,3002016.000000,,
BATTERY,3,97.209401,3032976.000000,,
BATTERY,3,97.209401,3032976.000000,,
BATTERY,3,97.206457,3036188.000000,,
BATTERY,3,97.206457,3036188.000000,,
BATTERY,3,97.204784,3038013.000000,,
BATTERY,3,97.204784,3038013.000000,,
BATTERY,3,97.202958,3040005.000000,,
BATTERY,3,97.202958,3040005.000000,,
BATTERY,3,97.201127,3042003.000000,,
BATTERY,3,97.201127,3042003.000000,,
BATTERY,3,97.199454,3043828.000000,,
BATTERY,3,97.199454,3043828.000000,,
BATTERY,3,97.197694,3045748.000000,,
BATTERY,3,97.197694,3045748.000000,,
BATTERY,3,97.195901,3047704.000000,,
BATTERY,3,97.195901,3047704.000000,,
BATTERY,3,97.195783,3047833.000000,,
BATTERY,3,97.191634,3049530.000000,,
BATTERY,3,97.189875,3051449.000000,,
BATTERY,3,97.189875,3051449.000000,,
BATTERY,3,97.188202,3053274.000000,,
BATTERY,3,97.188202,3053274.000000,,
BATTERY,3,97.186442,3055194.000000,,
BATTERY,3,97.186442,3055194.000000,,
BATTERY,3,97.184769,3057019.000000,,
BATTERY,3,97.184769,3057019.000000,,
BATTERY,3,97.183009,3058939.000000,,
BATTERY,3,97.183009,3058939.000000,,
BATTERY,3,97.181336,3060764.000000,,
BATTERY,3,97.181336,3060764.000000,,
BATTERY,3,97.179576,3062684.000000,,
BATTERY,3,97.179576,3062684.000000,,
BATTERY,3,97.177816,3064604.000000,,
BATTERY,3,97.177816,3064604.000000,,
BATTERY,3,97.176144,3066429.000000,,
BATTERY,3,97.176144,3066429.000000,,
BATTERY,3,97.174471,3068254.000000,,
BATTERY,3,97.174471,3068254.000000,,
BATTERY,3,97.172711,3070174.000000,,
BATTERY,3,97.172711,3070174.000000,,
BATTERY,3,97.171038,3071999.000000,,
BATTERY,3,97.171038,3071999.000000,,
BATTERY,3,97.168984,3074239.000000,,
BATTERY,3,97.168984,3074239.000000,,
BATTERY,3,97.165845,3077664.000000,,
BATTERY,3,97.165845,3077664.000000,,
BATTERY,3,96.749649,3531696.000000,,
BATTERY,3,96.749649,3531696.000000,,
BATTERY,3,96.747800,3533713.000000,,
BATTERY,3,96.747800,3533713.000000,,
BATTERY,3,96.745364,3536370.000000,,
BATTERY,3,96.745364,3536370.000000,,
BATTERY,3,96.742342,3539667.000000,,
BATTERY,3,96.742342,3539667.000000,,
BATTERY,3,95.831515,4533296.000000,,
BATTERY,3,95.831515,4533296.000000,,
BATTERY,3,95.829472,4535525.000000,,
BATTERY,3,95.829472,4535525.000000,,
BATTERY,3,95.827680,4537480.000000,,
BATTERY,3,95.827680,4537480.000000,,
BATTERY,3,95.826007,4539305.000000,,
BATTERY,3,95.826007,4539305.000000,,
BATTERY,3,95.824318,4541148.000000,,
BATTERY,3,95.824318,4541148.000000,,
BATTERY,3,95.822574,4543050.000000,,
BATTERY,3,95.822574,4543050.000000,,
BATTERY,3,95.820885,4544893.000000,,
BATTERY,3,95.820885,4544893.000000,,
BATTERY,3,95.820680,4545117.000000,,
BATTERY,3,95.816531,4546814.000000,,
BATTERY,3,95.814859,4548638.000000,,
BATTERY,3,95.814859,4548638.000000,,
BATTERY,3,95.813116,4550540.000000,,
BATTERY,3,95.813116,4550540.000000,,
BATTERY,3,95.811426,4552383.000000,,
BATTERY,3,95.811426,4552383.000000,,
BATTERY,3,95.809666,4554303.000000,,
BATTERY,3,95.809666,4554303.000000,,
BATTERY,3,95.808111,4556000.000000,,
BATTERY,3,95.808111,4556000.000000,,
BATTERY,3,95.806438,4557825.000000,,
BATTERY,3,95.806438,4557825.000000,,
BATTERY,3,95.804765,4559650.000000,,
BATTERY,3,95.804765,4559650.000000,,
BATTERY,3,95.803005,4561570.000000,,
BATTERY,3,95.803005,4561570.000000,,
BATTERY,3,95.801332,4563395.000000,,
BATTERY,3,95.801332,4563395.000000,,
BATTERY,3,95.799366,4565540.000000,,
BATTERY,3,95.799366,4565540.000000,,
BATTERY,3,95.797606,4567460.000000,,
BATTERY,3,95.797606,4567460.000000,,
BATTERY,3,95.795933,4569285.000000,,
BATTERY,3,95.795933,4569285.000000,,
BATTERY,3,93.995883,6532976.000000,,
BATTERY,3,93.995883,6532976.000000,,
BATTERY,3,93.993729,6535326.000000,,
BATTERY,3,93.993729,6535326.000000,,
BATTERY,3,93.992042,6537166.000000,,
BATTERY,3,93.992042,6537166.000000,,
BATTERY,3,93.990369,6538991.000000,,
BATTERY,3,93.990369,6538991.000000,,
BATTERY,3,93.988609,6540911.000000,,
BATTERY,3,93.988609,6540911.000000,,
BATTERY,3,93.986801,6542883.000000,,
BATTERY,3,93.986801,6542883.000000,,
BATTERY,3,93.986683,6543012.000000,,
BATTERY,3,93.982535,6544709.000000,,
BATTERY,3,93.980776,6546628.000000,,
BATTERY,3,93.980776,6546628.000000,,
BATTERY,3,93.979103,6548453.000000,,
BATTERY,3,93.979103,6548453.000000,,
BATTERY,3,93.977343,6550373.000000,,
BATTERY,3,93.977343,6550373.000000,,
BATTERY,3,93.975670,6552198.000000,,
BATTERY,3,93.975670,6552198.000000,,
BATTERY,3,93.973997,6554023.000000,,
BATTERY,3,93.973997,6554023.000000,,
BATTERY,3,93.971944,6556263.000000,,
BATTERY,3,93.971944,6556263.000000,,
BATTERY,3,93.970271,6558088.000000,,
BATTERY,3,93.970271,6558088.000000,,
BATTERY,3,93.968218,6560328.000000,,
BATTERY,3,93.968218,6560328.000000,,
BATTERY,3,93.966545,6562153.000000,,
BATTERY,3,93.966545,6562153.000000,,
BATTERY,3,93.964491,6564393.000000,,
BATTERY,3,93.964491,6564393.000000,,
BATTERY,3,93.962818,6566218.000000,,
BATTERY,3,93.962818,6566218.000000,,
BATTERY,3,93.959679,6569643.000000,,
BATTERY,3,93.959679,6569643.000000,,
BATTERY,3,93.957419,6572108.000000,,
BATTERY,3,93.957419,6572108.000000,,
BATTERY,3,93.077504,7532016.000000,,
BATTERY,3,93.077504,7532016.000000,,
BATTERY,3,93.075068,7534673.000000,,
BATTERY,3,93.075068,7534673.000000,,
BATTERY,3,93.072632,7537330.000000,,
BATTERY,3,93.072632,7537330.000000,,
BATTERY,3,93.069610,7540627.000000,,
BATTERY,3,93.069610,7540627.000000,,
BATTERY,3,92.159957,8532976.000000,,
BATTERY,3,92.159957,8532976.000000,,
BATTERY,3,92.157859,8535265.000000,,
BATTERY,3,92.157859,8535265.000000,,
BATTERY,3,92.156186,8537090.000000,,
BATTERY,3,92.156186,8537090.000000,,
BATTERY,3,92.154440,8538994.000000,,
BATTERY,3,92.154440,8538994.000000,,
BATTERY,3,92.152753,8540835.000000,,
BATTERY,3,92.152753,8540835.000000,,
BATTERY,3,92.151007,8542739.000000,,
BATTERY,3,92.151007,8542739.000000,,
BATTERY,3,92.149320,8544580.000000,,
BATTERY,3,92.149320,8544580.000000,,
BATTERY,3,92.147575,8546484.000000,,
BATTERY,3,92.147575,8546484.000000,,
BATTERY,3,92.147442,8546629.000000,,
BATTERY,3,92.143293,8548326.000000,,
BATTERY,3,92.141549,8550229.000000,,
BATTERY,3,92.141549,8550229.000000,,
BATTERY,3,92.139861,8552070.000000,,
BATTERY,3,92.139861,8552070.000000,,
BATTERY,3,92.138116,8553974.000000,,
BATTERY,3,92.138116,8553974.000000,,
BATTERY,3,92.136443,8555799.000000,,
BATTERY,3,92.136443,8555799.000000,,
BATTERY,3,92.134390,8558039.000000,,
BATTERY,3,92.134390,8558039.000000,,
BATTERY,3,92.132424,8560184.000000,,
BATTERY,3,92.132424,8560184.000000,,
BATTERY,3,92.130664,8562104.000000,,
BATTERY,3,92.130664,8562104.000000,,
BATTERY,3,92.128991,8563929.000000,,
BATTERY,3,92.128991,8563929.000000,,
BATTERY,3,92.126438,8566714.000000,,
BATTERY,3,92.126438,8566714.000000,,
BATTERY,3,92.123005,8570459.000000,,
BATTERY,3,92.123005,8570459.000000,,
BATTERY,3,90.323151,10533936.000000,,
BATTERY,3,90.323151,10533936.000000,,
BATTERY,3,90.321282,10535975.000000,,
BATTERY,3,90.321282,10535975.000000,,
BATTERY,3,90.319316,10538120.000000,,
BATTERY,3,90.319316,10538120.000000,,
BATTERY,3,90.317643,10539945.000000,,
BATTERY,3,90.317643,10539945.000000,,
BATTERY,3,90.315883,10541865.000000,,
BATTERY,3,90.315883,10541865.000000,,
BATTERY,3,90.314210,10543690.000000,,
BATTERY,3,90.314210,10543690.000000,,
BATTERY,3,90.314004,10543914.000000,,
BATTERY,3,90.309856,10545611.000000,,
BATTERY,3,90.308184,10547435.000000,,
BATTERY,3,90.308184,10547435.000000,,
BATTERY,3,90.306424,10549355.000000,,
BATTERY,3,90.306424,10549355.000000,,
BATTERY,3,90.304751,10551180.000000,,
BATTERY,3,90.304751,10551180.000000,,
BATTERY,3,90.302991,10553100.000000,,
BATTERY,3,90.302991,10553100.000000,,
BATTERY,3,90.301318,10554925.000000,,
BATTERY,3,90.301318,10554925.000000,,
BATTERY,3,90.299558,10556845.000000,,
BATTERY,3,90.299558,10556845.000000,,
BATTERY,3,90.297885,10558670.000000,,
BATTERY,3,90.297885,10558670.000000,,
BATTERY,3,90.296125,10560590.000000,,
BATTERY,3,90.296125,10560590.000000,,
BATTERY,3,90.294452,10562415.000000,,
BATTERY,3,90.294452,10562415.000000,,
BATTERY,3,90.292780,10564240.000000,,
BATTERY,3,90.292780,10564240.000000,,
BATTERY,3,90.291107,10566065.000000,,
BATTERY,3,90.291107,10566065.000000,,
BATTERY,3,90.289347,10567985.000000,,
BATTERY,3,90.289347,10567985.000000,,
BATTERY,3,90.287674,10569810.000000,,
BATTERY,3,90.287674,10569810.000000,,
BATTERY,3,90.285914,10571730.000000,,
BATTERY,3,90.285914,10571730.000000,,
BATTERY,3,90.283947,10573875.000000,,
BATTERY,3,90.283947,10573875.000000,,
BATTERY,3,90.281395,10576660.000000,,
BATTERY,3,90.281395,10576660.000000,,
BATTERY,3,85.738985,15532016.000000,,
BATTERY,3,85.738985,15532016.000000,,
BATTERY,3,85.737429,15533713.000000,,
BATTERY,3,85.737429,15533713.000000,,
BATTERY,3,85.735376,15535953.000000,,
BATTERY,3,85.735376,15535953.000000,,
BATTERY,3,85.733527,15537970.000000,,
BATTERY,3,85.733527,15537970.000000,,
BATTERY,3,84.822612,16531696.000000,,
BATTERY,3,84.822612,16531696.000000,,
BATTERY,3,84.812390,16542847.000000,,
BATTERY,3,84.812390,16542847.000000,,
BATTERY,3,82.988692,18532336.000000,,
BATTERY,3,82.988692,18532336.000000,,
BATTERY,3,82.986631,18534584.000000,,
BATTERY,3,82.986631,18534584.000000,,
BATTERY,3,82.984815,18536565.000000,,
BATTERY,3,82.984815,18536565.000000,,
BATTERY,3,82.983062,18538477.000000,,
BATTERY,3,82.983062,18538477.000000,,
BATTERY,3,82.981389,18540302.000000,,
BATTERY,3,82.981389,18540302.000000,,
BATTERY,3,82.979629,18542222.000000,,
BATTERY,3,82.979629,18542222.000000,,
BATTERY,3,82.979449,18542419.000000,,
BATTERY,3,82.975301,18544116.000000,,
BATTERY,3,82.974983,18544463.000000,,
BATTERY,3,82.970972,18545967.000000,,
BATTERY,3,82.969237,18547860.000000,,
BATTERY,3,82.969237,18547860.000000,,
BATTERY,3,82.967539,18549712.000000,,
BATTERY,3,82.967539,18549712.000000,,
BATTERY,3,82.965804,18551605.000000,,
BATTERY,3,82.965804,18551605.000000,,
BATTERY,3,82.964106,18553457.000000,,
BATTERY,3,82.964106,18553457.000000,,
BATTERY,3,82.962371,18555350.000000,,
BATTERY,3,82.962371,18555350.000000,,
BATTERY,3,82.960611,18557270.000000,,
BATTERY,3,82.960611,18557270.000000,,
BATTERY,3,82.958938,18559095.000000,,
BATTERY,3,82.958938,18559095.000000,,
BATTERY,3,82.956972,18561240.000000,,
BATTERY,3,82.956972,18561240.000000,,
BATTERY,3,82.954625,18563800.000000,,
BATTERY,3,82.954625,18563800.000000,,
BATTERY,3,82.951779,18566905.000000,,
BATTERY,3,82.951779,18566905.000000,,
BATTERY,3,76.567387,25531696.000000,,
BATTERY,3,76.567387,25531696.000000,,
BATTERY,3,76.565538,25533713.000000,,
BATTERY,3,76.565538,25533713.000000,,
BATTERY,3,76.562516,25537010.000000,,
BATTERY,3,76.562516,25537010.000000,,
BATTERY,3,76.560667,25539027.000000,,
BATTERY,3,76.560667,25539027.000000,,
BATTERY,3,75.650134,26532336.000000,,
BATTERY,3,75.650134,26532336.000000,,
BATTERY,3,75.642269,26540916.000000,,
BATTERY,3,75.642269,26540916.000000,,
BATTERY,3,73.816800,28532336.000000,,
BATTERY,3,73.816800,28532336.000000,,
BATTERY,3,73.814760,28534562.000000,,
BATTERY,3,73.814760,28534562.000000,,
BATTERY,3,73.813087,28536387.000000,,
BATTERY,3,73.813087,28536387.000000,,
BATTERY,3,73.811338,28538295.000000,,
BATTERY,3,73.811338,28538295.000000,,
BATTERY,3,73.809654,28540132.000000,,
BATTERY,3,73.809654,28540132.000000,,
BATTERY,3,73.809449,28540356.000000,,
BATTERY,3,73.805300,28542053.000000,,
BATTERY,3,73.803628,28543877.000000,,
BATTERY,3,73.803628,28543877.000000,,
BATTERY,3,73.801879,28545785.000000,,
BATTERY,3,73.801879,28545785.000000,,
BATTERY,3,73.800195,28547622.000000,,
BATTERY,3,73.800195,28547622.000000,,
BATTERY,3,73.798446,28549530.000000,,
BATTERY,3,73.798446,28549530.000000,,
BATTERY,3,73.796763,28551367.000000,,
BATTERY,3,73.796763,28551367.000000,,
BATTERY,3,73.795014,28553275.000000,,
BATTERY,3,73.795014,28553275.000000,,
BATTERY,3,73.793330,28555112.000000,,
BATTERY,3,73.793330,28555112.000000,,
BATTERY,3,73.791657,28556937.000000,,
BATTERY,3,73.791657,28556937.000000,,
BATTERY,3,73.789897,28558857.000000,,
BATTERY,3,73.789897,28558857.000000,,
BATTERY,3,73.787930,28561002.000000,,
BATTERY,3,73.787930,28561002.000000,,
BATTERY,3,73.786258,28562827.000000,,
BATTERY,3,73.786258,28562827.000000,,
BATTERY,3,73.783031,28566347.000000,,
BATTERY,3,73.783031,28566347.000000,,
BATTERY,3,73.780185,28569452.000000,,
BATTERY,3,73.780185,28569452.000000,,
BATTERY,3,67.397834,35532016.000000,,
BATTERY,3,67.397834,35532016.000000,,
BATTERY,3,67.394519,35535633.000000,,
BATTERY,3,67.394519,35535633.000000,,
BATTERY,3,67.391790,35538610.000000,,
BATTERY,3,67.391790,35538610.000000,,
BATTERY,3,67.389061,35541587.000000,,
BATTERY,3,67.389061,35541587.000000,,
BATTERY,3,66.481461,36531696.000000,,
BATTERY,3,66.481461,36531696.000000,,
BATTERY,3,66.477614,36535893.000000,,
BATTERY,3,66.477614,36535893.000000,,
BATTERY,3,64.648128,38531696.000000,,
BATTERY,3,64.648128,38531696.000000,,
BATTERY,3,64.646578,38533387.000000,,
BATTERY,3,64.642429,38535084.000000,,
BATTERY,3,64.640757,38536908.000000,,
BATTERY,3,64.640757,38536908.000000,,
BATTERY,3,64.639028,38538795.000000,,
BATTERY,3,64.639028,38538795.000000,,
BATTERY,3,64.637324,38540653.000000,,
BATTERY,3,64.637324,38540653.000000,,
BATTERY,3,64.635548,38542591.000000,,
BATTERY,3,64.635548,38542591.000000,,
BATTERY,3,64.633875,38544416.000000,,
BATTERY,3,64.633875,38544416.000000,,
BATTERY,3,64.632115,38546336.000000,,
BATTERY,3,64.632115,38546336.000000,,
BATTERY,3,64.630442,38548161.000000,,
BATTERY,3,64.630442,38548161.000000,,
BATTERY,3,64.628682,38550081.000000,,
BATTERY,3,64.628682,38550081.000000,,
BATTERY,3,64.627009,38551906.000000,,
BATTERY,3,64.627009,38551906.000000,,
BATTERY,3,64.625249,38553826.000000,,
BATTERY,3,64.625249,38553826.000000,,
BATTERY,3,64.623576,38555651.000000,,
BATTERY,3,64.623576,38555651.000000,,
BATTERY,3,64.621816,38557571.000000,,
BATTERY,3,64.621816,38557571.000000,,
BATTERY,3,64.620143,38559396.000000,,
BATTERY,3,64.620143,38559396.000000,,
BATTERY,3,64.618090,38561636.000000,,
BATTERY,3,64.618090,38561636.000000,,
BATTERY,3,64.616330,38563556.000000,,
BATTERY,3,64.616330,38563556.000000,,
BATTERY,3,64.614070,38566021.000000,,
BATTERY,3,64.614070,38566021.000000,,
BATTERY,3,64.612104,38568166.000000,,
BATTERY,3,64.612104,38568166.000000,,
BATTERY,3,64.610431,38569991.000000,,
BATTERY,3,64.610431,38569991.000000,,
BATTERY,3,64.608671,38571911.000000,,
BATTERY,3,64.608671,38571911.000000,,
BATTERY,3,64.605238,38575656.000000,,
BATTERY,3,64.605238,38575656.000000,,
BATTERY,3,58.228868,45531696.000000,,
BATTERY,3,58.228868,45531696.000000,,
BATTERY,3,58.227108,45533616.000000,,
BATTERY,3,58.227108,45533616.000000,,
BATTERY,3,57.310735,46533296.000000,,
BATTERY,3,57.310735,46533296.000000,,
BATTERY,3,57.300153,46544840.000000,,
BATTERY,3,57.300153,46544840.000000,,
BATTERY,3,55.478282,48532336.000000,,
BATTERY,3,55.478282,48532336.000000,,
BATTERY,3,55.476347,48534447.000000,,
BATTERY,3,55.476347,48534447.000000,,
BATTERY,3,55.474674,48536272.000000,,
BATTERY,3,55.474674,48536272.000000,,
BATTERY,3,55.473001,48538097.000000,,
BATTERY,3,55.473001,48538097.000000,,
BATTERY,3,55.471241,48540017.000000,,
BATTERY,3,55.471241,48540017.000000,,
BATTERY,3,55.471122,48540146.000000,,
BATTERY,3,55.466974,48541843.000000,,
BATTERY,3,55.465137,48543847.000000,,
BATTERY,3,55.465137,48543847.000000,,
BATTERY,3,55.463464,48545672.000000,,
BATTERY,3,55.463464,48545672.000000,,
BATTERY,3,55.461704,48547592.000000,,
BATTERY,3,55.461704,48547592.000000,,
BATTERY,3,55.460031,48549417.000000,,
BATTERY,3,55.460031,48549417.000000,,
BATTERY,3,55.458271,48551337.000000,,
BATTERY,3,55.458271,48551337.000000,,
BATTERY,3,55.456511,48553257.000000,,
BATTERY,3,55.456511,48553257.000000,,
BATTERY,3,55.454839,48555082.000000,,
BATTERY,3,55.454839,48555082.000000,,
BATTERY,3,55.453166,48556907.000000,,
BATTERY,3,55.453166,48556907.000000,,
BATTERY,3,55.451112,48559147.000000,,
BATTERY,3,55.451112,48559147.000000,,
BATTERY,3,55.449439,48560972.000000,,
BATTERY,3,55.449439,48560972.000000,,
BATTERY,3,55.447386,48563212.000000,,
BATTERY,3,55.447386,48563212.000000,,
BATTERY,3,55.445126,48565677.000000,,
BATTERY,3,55.445126,48565677.000000,,
BATTERY,3,55.442574,48568462.000000,,
BATTERY,3,55.442574,48568462.000000,,
BATTERY,3,55.440021,48571247.000000,,
BATTERY,3,55.440021,48571247.000000,,
BATTERY,3,55.438054,48573392.000000,,
BATTERY,3,55.438054,48573392.000000,,
BATTERY,3,49.059609,55531696.000000,,
BATTERY,3,49.059609,55531696.000000,,
BATTERY,3,49.057760,55533713.000000,,
BATTERY,3,49.057760,55533713.000000,,
BATTERY,3,49.055325,55536370.000000,,
BATTERY,3,49.055325,55536370.000000,,
BATTERY,3,48.142942,56531696.000000,,
BATTERY,3,48.142942,56531696.000000,,
BATTERY,3,48.132624,56542952.000000,,
BATTERY,3,48.132624,56542952.000000,,
BATTERY,3,46.307849,58533616.000000,,
BATTERY,3,46.307849,58533616.000000,,
BATTERY,3,46.306098,58535526.000000,,
BATTERY,3,46.306098,58535526.000000,,
BATTERY,3,46.304352,58537431.000000,,
BATTERY,3,46.304352,58537431.000000,,
BATTERY,3,46.302679,58539256.000000,,
BATTERY,3,46.302679,58539256.000000,,
BATTERY,3,46.300992,58541096.000000,,
BATTERY,3,46.300992,58541096.000000,,
BATTERY,3,46.299217,58543033.000000,,
BATTERY,3,46.299217,58543033.000000,,
BATTERY,3,46.297504,58544901.000000,,
BATTERY,3,46.297504,58544901.000000,,
BATTERY,3,46.295784,58546778.000000,,
BATTERY,3,46.295784,58546778.000000,,
BATTERY,3,46.294040,58548680.000000,,
BATTERY,3,46.294040,58548680.000000,,
BATTERY,3,46.293906,58548827.000000,,
BATTERY,3,46.289757,58550524.000000,,
BATTERY,3,46.288015,58552425.000000,,
BATTERY,3,46.288015,58552425.000000,,
BATTERY,3,46.286325,58554268.000000,,
BATTERY,3,46.286325,58554268.000000,,
BATTERY,3,46.284582,58556170.000000,,
BATTERY,3,46.284582,58556170.000000,,
BATTERY,3,46.282892,58558013.000000,,
BATTERY,3,46.282892,58558013.000000,,
BATTERY,3,46.280856,58560235.000000,,
BATTERY,3,46.280856,58560235.000000,,
BATTERY,3,46.279096,58562155.000000,,
BATTERY,3,46.279096,58562155.000000,,
BATTERY,3,46.277423,58563980.000000,,
BATTERY,3,46.277423,58563980.000000,,
BATTERY,3,46.275147,58566463.000000,,
BATTERY,3,46.275147,58566463.000000,,
BATTERY,3,46.273180,58568608.000000,,
BATTERY,3,46.273180,58568608.000000,,
BATTERY,3,46.271214,58570753.000000,,
BATTERY,3,46.271214,58570753.000000,,
BATTERY,3,39.889470,65532656.000000,,
BATTERY,3,39.889470,65532656.000000,,
BATTERY,3,39.887327,65534993.000000,,
BATTERY,3,39.887327,65534993.000000,,
BATTERY,3,39.884012,65538610.000000,,
BATTERY,3,39.884012,65538610.000000,,
BATTERY,3,38.971630,66533936.000000,,
BATTERY,3,38.971630,66533936.000000,,
BATTERY,3,38.965432,66540697.000000,,
BATTERY,3,38.965432,66540697.000000,,
BATTERY,3,37.140350,68531696.000000,,
BATTERY,3,37.140350,68531696.000000,,
BATTERY,3,37.138280,68533954.000000,,
BATTERY,3,37.138280,68533954.000000,,
BATTERY,3,37.136549,68535842.000000,,
BATTERY,3,37.136549,68535842.000000,,
BATTERY,3,37.134876,68537667.000000,,
BATTERY,3,37.134876,68537667.000000,,
BATTERY,3,37.133116,68539587.000000,,
BATTERY,3,37.133116,68539587.000000,,
BATTERY,3,37.131443,68541412.000000,,
BATTERY,3,37.131443,68541412.000000,,
BATTERY,3,37.129683,68543332.000000,,
BATTERY,3,37.129683,68543332.000000,,
BATTERY,3,37.127870,68545310.000000,,
BATTERY,3,37.127870,68545310.000000,,
BATTERY,3,37.126197,68547135.000000,,
BATTERY,3,37.126197,68547135.000000,,
BATTERY,3,37.124437,68549055.000000,,
BATTERY,3,37.124437,68549055.000000,,
BATTERY,3,37.122764,68550880.000000,,
BATTERY,3,37.122764,68550880.000000,,
BATTERY,3,37.120711,68553120.000000,,
BATTERY,3,37.120711,68553120.000000,,
BATTERY,3,37.119038,68554945.000000,,
BATTERY,3,37.119038,68554945.000000,,
BATTERY,3,37.117278,68556865.000000,,
BATTERY,3,37.117278,68556865.000000,,
BATTERY,3,37.115605,68558690.000000,,
BATTERY,3,37.115605,68558690.000000,,
BATTERY,3,37.113932,68560515.000000,,
BATTERY,3,37.113932,68560515.000000,,
BATTERY,3,37.112172,68562435.000000,,
BATTERY,3,37.112172,68562435.000000,,
BATTERY,3,37.110412,68564355.000000,,
BATTERY,3,37.110412,68564355.000000,,
BATTERY,3,37.110294,68564484.000000,,
BATTERY,3,37.106146,68566181.000000,,
BATTERY,3,37.104387,68568100.000000,,
BATTERY,3,37.104387,68568100.000000,,
BATTERY,3,30.721090,75531696.000000,,
BATTERY,3,30.721090,75531696.000000,,
BATTERY,3,30.719330,75533616.000000,,
BATTERY,3,30.719330,75533616.000000,,
BATTERY,3,30.717482,75535633.000000,,
BATTERY,3,30.717482,75535633.000000,,
BATTERY,3,29.803544,76532656.000000,,
BATTERY,3,29.803544,76532656.000000,,
BATTERY,3,29.793479,76543636.000000,,
BATTERY,3,29.793479,76543636.000000,,
BATTERY,3,27.970504,78532336.000000,,
BATTERY,3,27.970504,78532336.000000,,
BATTERY,3,27.968367,78534667.000000,,
BATTERY,3,27.968367,78534667.000000,,
BATTERY,3,27.966401,78536812.000000,,
BATTERY,3,27.966401,78536812.000000,,
BATTERY,3,27.964659,78538712.000000,,
BATTERY,3,27.964659,78538712.000000,,
BATTERY,3,27.962887,78540645.000000,,
BATTERY,3,27.962887,78540645.000000,,
BATTERY,3,27.961214,78542470.000000,,
BATTERY,3,27.961214,78542470.000000,,
BATTERY,3,27.959454,78544390.000000,,
BATTERY,3,27.959454,78544390.000000,,
BATTERY,3,27.957781,78546215.000000,,
BATTERY,3,27.957781,78546215.000000,,
BATTERY,3,27.956021,78548135.000000,,
BATTERY,3,27.956021,78548135.000000,,
BATTERY,3,27.954348,78549960.000000,,
BATTERY,3,27.954348,78549960.000000,,
BATTERY,3,27.952588,78551880.000000,,
BATTERY,3,27.952588,78551880.000000,,
BATTERY,3,27.950916,78553705.000000,,
BATTERY,3,27.950916,78553705.000000,,
BATTERY,3,27.949156,78555625.000000,,
BATTERY,3,27.949156,78555625.000000,,
BATTERY,3,27.947483,78557450.000000,,
BATTERY,3,27.947483,78557450.000000,,
BATTERY,3,27.945723,78559370.000000,,
BATTERY,3,27.945723,78559370.000000,,
BATTERY,3,27.945517,78559594.000000,,
BATTERY,3,27.941369,78561291.000000,,
BATTERY,3,27.937937,78565035.000000,,
BATTERY,3,27.937937,78565035.000000,,
BATTERY,3,21.551538,85532016.000000,,
BATTERY,3,21.551538,85532016.000000,,
BATTERY,3,21.549982,85533713.000000,,
BATTERY,3,21.549982,85533713.000000,,
BATTERY,3,21.547929,85535953.000000,,
BATTERY,3,21.547929,85535953.000000,,
BATTERY,3,20.634578,86532336.000000,,
BATTERY,3,20.634578,86532336.000000,,
BATTERY,3,20.627316,86540258.000000,,
BATTERY,3,20.627316,86540258.000000,,
BATTERY,3,18.799778,88533936.000000,,
BATTERY,3,18.799778,88533936.000000,,
BATTERY,3,18.796967,88537002.000000,,
BATTERY,3,18.796967,88537002.000000,,
BATTERY,3,18.795240,88538886.000000,,
BATTERY,3,18.795240,88538886.000000,,
BATTERY,3,18.793567,88540711.000000,,
BATTERY,3,18.793567,88540711.000000,,
BATTERY,3,18.791894,88542536.000000,,
BATTERY,3,18.791894,88542536.000000,,
BATTERY,3,18.790134,88544456.000000,,
BATTERY,3,18.790134,88544456.000000,,
BATTERY,3,18.788462,88546281.000000,,
BATTERY,3,18.788462,88546281.000000,,
BATTERY,3,18.786702,88548201.000000,,
BATTERY,3,18.786702,88548201.000000,,
BATTERY,3,18.785029,88550026.000000,,
BATTERY,3,18.785029,88550026.000000,,
BATTERY,3,18.783269,88551946.000000,,
BATTERY,3,18.783269,88551946.000000,,
BATTERY,3,18.781596,88553771.000000,,
BATTERY,3,18.781596,88553771.000000,,
BATTERY,3,18.779836,88555691.000000,,
BATTERY,3,18.779836,88555691.000000,,
BATTERY,3,18.778163,88557516.000000,,
BATTERY,3,18.778163,88557516.000000,,
BATTERY,3,18.777957,88557740.000000,,
BATTERY,3,18.773809,88559437.000000,,
BATTERY,3,18.772137,88561261.000000,,
BATTERY,3,18.772137,88561261.000000,,
BATTERY,3,18.770464,88563086.000000,,
BATTERY,3,18.770464,88563086.000000,,
BATTERY,3,18.768411,88565326.000000,,
BATTERY,3,18.768411,88565326.000000,,
BATTERY,3,18.765858,88568111.000000,,
BATTERY,3,18.765858,88568111.000000,,
BATTERY,3,18.762425,88571856.000000,,
BATTERY,3,18.762425,88571856.000000,,
BATTERY,3,12.382572,95531696.000000,,
BATTERY,3,12.382572,95531696.000000,,
BATTERY,3,12.381016,95533393.000000,,
BATTERY,3,12.381016,95533393.000000,,
BATTERY,3,12.378581,95536050.000000,,
BATTERY,3,12.378581,95536050.000000,,
BATTERY,3,12.375558,95539347.000000,,
BATTERY,3,12.375558,95539347.000000,,
BATTERY,3,11.465318,96532336.000000,,
BATTERY,3,11.465318,96532336.000000,,
BATTERY,3,11.455397,96543159.000000,,
BATTERY,3,11.455397,96543159.000000,,
BATTERY,3,9.631985,98532336.000000,,
BATTERY,3,9.631985,98532336.000000,,
BATTERY,3,9.629583,98534957.000000,,
BATTERY,3,9.629583,98534957.000000,,
BATTERY,3,9.627702,98537009.000000,,
BATTERY,3,9.627702,98537009.000000,,
BATTERY,3,9.625871,98539006.000000,,
BATTERY,3,9.625871,98539006.000000,,
BATTERY,3,9.624175,98540856.000000,,
BATTERY,3,9.624175,98540856.000000,,
BATTERY,3,9.623882,98541176.000000,,
BATTERY,3,9.619734,98542873.000000,,
BATTERY,3,9.618062,98544697.000000,,
BATTERY,3,9.618062,98544697.000000,,
BATTERY,3,9.616389,98546522.000000,,
BATTERY,3,9.616389,98546522.000000,,
BATTERY,3,9.614629,98548442.000000,,
BATTERY,3,9.614629,98548442.000000,,
BATTERY,3,9.612956,98550267.000000,,
BATTERY,3,9.612956,98550267.000000,,
BATTERY,3,9.611196,98552187.000000,,
BATTERY,3,9.611196,98552187.000000,,
BATTERY,3,9.609523,98554012.000000,,
BATTERY,3,9.609523,98554012.000000,,
BATTERY,3,9.607763,98555932.000000,,
BATTERY,3,9.607763,98555932.000000,,
BATTERY,3,9.605710,98558172.000000,,
BATTERY,3,9.605710,98558172.000000,,
BATTERY,3,9.604037,98559997.000000,,
BATTERY,3,9.604037,98559997.000000,,
BATTERY,3,9.602364,98561822.000000,,
BATTERY,3,9.602364,98561822.000000,,
BATTERY,3,9.598931,98565567.000000,,
BATTERY,3,9.598931,98565567.000000,,
BATTERY,3,3.213313,105531696.000000,,
BATTERY,3,3.213313,105531696.000000,,
BATTERY,3,3.210584,105534673.000000,,
BATTERY,3,3.210584,105534673.000000,,
BATTERY,3,3.208441,105537010.000000,,
BATTERY,3,3.208441,105537010.000000,,
BATTERY,3,2.296646,106531696.000000,,
BATTERY,3,2.296646,106531696.000000,,
BATTERY,3,2.287204,106541996.000000,,
BATTERY,3,2.287204,106541996.000000,,
BATTERY,3,0.461846,108533296.000000,,
BATTERY,3,0.461846,108533296.000000,,
BATTERY,3,0.459658,108535683.000000,,
BATTERY,3,0.459658,108535683.000000,,
BATTERY,3,0.457398,108538148.000000,,
BATTERY,3,0.457398,108538148.000000,,
BATTERY,3,0.455725,108539973.000000,,
BATTERY,3,0.455725,108539973.000000,,
BATTERY,3,0.454052,108541798.000000,,
BATTERY,3,0.454052,108541798.000000,,
BATTERY,3,0.452292,108543718.000000,,
BATTERY,3,0.452292,108543718.000000,,
BATTERY,3,0.452174,108543847.000000,,
BATTERY,3,0.448026,108545544.000000,,
BATTERY,3,0.446267,108547463.000000,,
BATTERY,3,0.446267,108547463.000000,,
BATTERY,3,0.445973,108547784.000000,,
BATTERY,3,0.441962,108549288.000000,,
BATTERY,3,0.440202,108551208.000000,,
BATTERY,3,0.440202,108551208.000000,,
BATTERY,3,0.438529,108553033.000000,,
BATTERY,3,0.438529,108553033.000000,,
BATTERY,3,0.436769,108554953.000000,,
BATTERY,3,0.436769,108554953.000000,,
BATTERY,3,0.435009,108556873.000000,,
BATTERY,3,0.435009,108556873.000000,,
BATTERY,3,0.433336,108558698.000000,,
BATTERY,3,0.433336,108558698.000000,,
BATTERY,3,0.431663,108560523.000000,,
BATTERY,3,0.431663,108560523.000000,,
BATTERY,3,0.429316,108563083.000000,,
BATTERY,3,0.429316,108563083.000000,,
BATTERY,3,0.425884,108566828.000000,,
BATTERY,3,0.425884,108566828.000000,,
BATTERY,3,0.000000,116000960.000000,,
BATTERY,3,0.000000,499530000.000000,,
