BATTERY,68,99.998522,2016.000000,,
BATTERY,68,99.998522,2016.000000,,
BATTERY,68,99.997277,3713.000000,,
BATTERY,68,99.997277,3713.000000,,
BATTERY,68,99.995798,5730.000000,,
BATTERY,68,99.995798,5730.000000,,
BATTERY,68,99.994554,7427.000000,,
BATTERY,68,99.994554,7427.000000,,
BATTERY,68,99.992816,9796.000000,,
BATTERY,68,99.989748,11365.000000,,
BATTERY,68,99.974604,32016.000000,,
BATTERY,68,99.974604,32016.000000,,
BATTERY,68,99.973359,33713.000000,,
BATTERY,68,99.973359,33713.000000,,
BATTERY,68,99.973265,33842.000000,,
BATTERY,68,99.970197,35411.000000,,
BATTERY,68,99.968624,37555.000000,,
BATTERY,68,99.968624,37555.000000,,
BATTERY,68,99.967286,39380.000000,,
BATTERY,68,99.967286,39380.000000,,
BATTERY,68,99.965878,41300.000000,,
BATTERY,68,99.965878,41300.000000,,
BATTERY,68,99.964520,43152.000000,,
BATTERY,68,99.964520,43152.000000,,
BATTERY,68,99.963132,45045.000000,,
BATTERY,68,99.963132,45045.000000,,
BATTERY,68,99.961774,46897.000000,,
BATTERY,68,99.961774,46897.000000,,
BATTERY,68,99.960385,48790.000000,,
BATTERY,68,99.960385,48790.000000,,
BATTERY,68,99.959027,50642.000000,,
BATTERY,68,99.959027,50642.000000,,
BATTERY,68,99.957639,52535.000000,,
BATTERY,68,99.957639,52535.000000,,
BATTERY,68,99.956281,54387.000000,,
BATTERY,68,99.956281,54387.000000,,
BATTERY,68,99.954893,56280.000000,,
BATTERY,68,99.954893,56280.000000,,
BATTERY,68,99.953535,58132.000000,,
BATTERY,68,99.953535,58132.000000,,
BATTERY,68,99.952146,60025.000000,,
BATTERY,68,99.952146,60025.000000,,
BATTERY,68,99.950788,61877.000000,,
BATTERY,68,99.950788,61877.000000,,
BATTERY,68,99.949380,63797.000000,,
BATTERY,68,99.949380,63797.000000,,
BATTERY,68,99.947807,65942.000000,,
BATTERY,68,99.947807,65942.000000,,
BATTERY,68,99.946399,67862.000000,,
BATTERY,68,99.946399,67862.000000,,
BATTERY,68,99.607404,530128.000000,,
BATTERY,68,99.604336,531697.000000,,
BATTERY,68,99.602960,533573.000000,,
BATTERY,68,99.602960,533573.000000,,
BATTERY,68,99.601684,535313.000000,,
BATTERY,68,99.601684,535313.000000,,
BATTERY,68,99.600346,537138.000000,,
BATTERY,68,99.600346,537138.000000,,
BATTERY,68,99.598925,539076.000000,,
BATTERY,68,99.598925,539076.000000,,
BATTERY,68,99.597586,540901.000000,,
BATTERY,68,99.597586,540901.000000,,
BATTERY,68,99.596120,542901.000000,,
BATTERY,68,99.596120,542901.000000,,
BATTERY,68,99.594781,544726.000000,,
BATTERY,68,99.594781,544726.000000,,
BATTERY,68,99.593373,546646.000000,,
BATTERY,68,99.593373,546646.000000,,
BATTERY,68,99.592035,548471.000000,,
BATTERY,68,99.592035,548471.000000,,
BATTERY,68,99.590627,550391.000000,,
BATTERY,68,99.590627,550391.000000,,
BATTERY,68,99.589289,552216.000000,,
BATTERY,68,99.589289,552216.000000,,
BATTERY,68,99.587881,554136.000000,,
BATTERY,68,99.587881,554136.000000,,
BATTERY,68,99.586542,555961.000000,,
BATTERY,68,99.586542,555961.000000,,
BATTERY,68,99.585134,557881.000000,,
BATTERY,68,99.585134,557881.000000,,
BATTERY,68,99.583796,559706.000000,,
BATTERY,68,99.583796,559706.000000,,
BATTERY,68,99.582388,561626.000000,,
BATTERY,68,99.582388,561626.000000,,
BATTERY,68,99.581050,563451.000000,,
BATTERY,68,99.581050,563451.000000,,
BATTERY,68,99.579501,565563.000000,,
BATTERY,68,99.579501,565563.000000,,
BATTERY,68,99.578162,567388.000000,,
BATTERY,68,99.578162,567388.000000,,
BATTERY,68,99.576589,569533.000000,,
BATTERY,68,99.576589,569533.000000,,
BATTERY,68,99.259435,1002016.000000,,
BATTERY,68,99.259435,1002016.000000,,
BATTERY,68,99.237435,1032016.000000,,
BATTERY,68,99.237435,1032016.000000,,
BATTERY,68,98.870769,1532016.000000,,
BATTERY,68,98.870769,1532016.000000,,
BATTERY,68,98.869293,1534028.000000,,
BATTERY,68,98.869293,1534028.000000,,
BATTERY,68,98.867955,1535853.000000,,
BATTERY,68,98.867955,1535853.000000,,
BATTERY,68,98.866548,1537772.000000,,
BATTERY,68,98.866548,1537772.000000,,
BATTERY,68,98.865208,1539598.000000,,
BATTERY,68,98.865208,1539598.000000,,
BATTERY,68,98.863801,1541517.000000,,
BATTERY,68,98.863801,1541517.000000,,
BATTERY,68,98.862462,1543343.000000,,
BATTERY,68,98.862462,1543343.000000,,
BATTERY,68,98.862298,1543567.000000,,
BATTERY,68,98.859230,1545136.000000,,
BATTERY,68,98.857798,1547088.000000,,
BATTERY,68,98.857798,1547088.000000,,
BATTERY,68,98.856391,1549007.000000,,
BATTERY,68,98.856391,1549007.000000,,
BATTERY,68,98.855052,1550833.000000,,
BATTERY,68,98.855052,1550833.000000,,
BATTERY,68,98.853645,1552752.000000,,
BATTERY,68,98.853645,1552752.000000,,
BATTERY,68,98.852306,1554577.000000,,
BATTERY,68,98.852306,1554577.000000,,
BATTERY,68,98.850898,1556497.000000,,
BATTERY,68,98.850898,1556497.000000,,
BATTERY,68,98.849560,1558322.000000,,
BATTERY,68,98.849560,1558322.000000,,
BATTERY,68,98.847987,1560467.000000,,
BATTERY,68,98.847987,1560467.000000,,
BATTERY,68,98.846579,1562387.000000,,
BATTERY,68,98.846579,1562387.000000,,
BATTERY,68,98.844537,1565172.000000,,
BATTERY,68,98.844537,1565172.000000,,
BATTERY,68,98.835220,1577877.000000,,
BATTERY,68,98.835220,1577877.000000,,
BATTERY,68,98.135048,2532656.000000,,
BATTERY,68,98.135048,2532656.000000,,
BATTERY,68,98.133662,2534546.000000,,
BATTERY,68,98.133662,2534546.000000,,
BATTERY,68,98.132311,2536388.000000,,
BATTERY,68,98.132311,2536388.000000,,
BATTERY,68,98.130876,2538346.000000,,
BATTERY,68,98.130876,2538346.000000,,
BATTERY,68,98.129537,2540171.000000,,
BATTERY,68,98.129537,2540171.000000,,
BATTERY,68,98.128129,2542091.000000,,
BATTERY,68,98.128129,2542091.000000,,
BATTERY,68,98.126791,2543916.000000,,
BATTERY,68,98.126791,2543916.000000,,
BATTERY,68,98.125383,2545836.000000,,
BATTERY,68,98.125383,2545836.000000,,
BATTERY,68,98.124045,2547661.000000,,
BATTERY,68,98.124045,2547661.000000,,
BATTERY,68,98.122637,2549581.000000,,
BATTERY,68,98.122637,2549581.000000,,
BATTERY,68,98.121298,2551406.000000,,
BATTERY,68,98.121298,2551406.000000,,
BATTERY,68,98.119890,2553326.000000,,
BATTERY,68,98.119890,2553326.000000,,
BATTERY,68,98.118552,2555151.000000,,
BATTERY,68,98.118552,2555151.000000,,
BATTERY,68,98.117144,2557071.000000,,
BATTERY,68,98.117144,2557071.000000,,
BATTERY,68,98.115806,2558896.000000,,
BATTERY,68,98.115806,2558896.000000,,
BATTERY,68,98.115641,2559120.000000,,
BATTERY,68,98.112323,2560817.000000,,
BATTERY,68,98.110985,2562641.000000,,
BATTERY,68,98.110985,2562641.000000,,
BATTERY,68,98.109577,2564561.000000,,
BATTERY,68,98.109577,2564561.000000,,
BATTERY,68,98.108239,2566386.000000,,
BATTERY,68,98.108239,2566386.000000,,
BATTERY,68,98.106196,2569171.000000,,
BATTERY,68,98.106196,2569171.000000,,
BATTERY,68,98.104623,2571316.000000,,
BATTERY,68,98.104623,2571316.000000,,
BATTERY,68,97.788777,3002016.000000,,
BATTERY,68,97.788777,3002016.000000,,
BATTERY,68,97.766073,3032976.000000,,
BATTERY,68,97.766073,3032976.000000,,
BATTERY,68,97.763717,3036188.000000,,
BATTERY,68,97.763717,3036188.000000,,
BATTERY,68,97.762379,3038013.000000,,
BATTERY,68,97.762379,3038013.000000,,
BATTERY,68,97.760918,3040005.000000,,
BATTERY,68,97.760918,3040005.000000,,
BATTERY,68,97.759453,3042003.000000,,
BATTERY,68,97.759453,3042003.000000,,
BATTERY,68,97.758115,3043828.000000,,
BATTERY,68,97.758115,3043828.000000,,
BATTERY,68,97.756707,3045748.000000,,
BATTERY,68,97.756707,3045748.000000,,
BATTERY,68,97.755272,3047704.000000,,
BATTERY,68,97.755272,3047704.000000,,
BATTERY,68,97.753934,3049529.000000,,
BATTERY,68,97.753934,3049529.000000,,
BATTERY,68,97.752526,3051449.000000,,
BATTERY,68,97.752526,3051449.000000,,
BATTERY,68,97.752431,3051578.000000,,
BATTERY,68,97.749113,3053275.000000,,
BATTERY,68,97.747706,3055194.000000,,
BATTERY,68,97.747706,3055194.000000,,
BATTERY,68,97.746367,3057019.000000,,
BATTERY,68,97.746367,3057019.000000,,
BATTERY,68,97.744959,3058939.000000,,
BATTERY,68,97.744959,3058939.000000,,
BATTERY,68,97.743621,3060764.000000,,
BATTERY,68,97.743621,3060764.000000,,
BATTERY,68,97.742213,3062684.000000,,
BATTERY,68,97.742213,3062684.000000,,
BATTERY,68,97.740805,3064604.000000,,
BATTERY,68,97.740805,3064604.000000,,
BATTERY,68,97.739467,3066429.000000,,
BATTERY,68,97.739467,3066429.000000,,
BATTERY,68,97.738128,3068254.000000,,
BATTERY,68,97.738128,3068254.000000,,
BATTERY,68,97.736720,3070174.000000,,
BATTERY,68,97.736720,3070174.000000,,
BATTERY,68,97.735382,3071999.000000,,
BATTERY,68,97.735382,3071999.000000,,
BATTERY,68,97.733739,3074239.000000,,
BATTERY,68,97.733739,3074239.000000,,
BATTERY,68,97.731228,3077664.000000,,
BATTERY,68,97.731228,3077664.000000,,
BATTERY,68,97.398271,3531696.000000,,
BATTERY,68,97.398271,3531696.000000,,
BATTERY,68,97.396792,3533713.000000,,
BATTERY,68,97.396792,3533713.000000,,
BATTERY,68,97.394843,3536370.000000,,
BATTERY,68,97.394843,3536370.000000,,
BATTERY,68,97.393575,3538099.000000,,
BATTERY,68,97.390507,3539668.000000,,
BATTERY,68,96.661846,4533296.000000,,
BATTERY,68,96.661846,4533296.000000,,
BATTERY,68,96.660212,4535525.000000,,
BATTERY,68,96.660212,4535525.000000,,
BATTERY,68,96.658778,4537480.000000,,
BATTERY,68,96.658778,4537480.000000,,
BATTERY,68,96.657440,4539305.000000,,
BATTERY,68,96.657440,4539305.000000,,
BATTERY,68,96.656088,4541148.000000,,
BATTERY,68,96.656088,4541148.000000,,
BATTERY,68,96.654693,4543050.000000,,
BATTERY,68,96.654693,4543050.000000,,
BATTERY,68,96.653342,4544893.000000,,
BATTERY,68,96.653342,4544893.000000,,
BATTERY,68,96.651947,4546795.000000,,
BATTERY,68,96.651947,4546795.000000,,
BATTERY,68,96.651839,4546942.000000,,
BATTERY,68,96.648521,4548639.000000,,
BATTERY,68,96.647127,4550540.000000,,
BATTERY,68,96.647127,4550540.000000,,
BATTERY,68,96.645775,4552383.000000,,
BATTERY,68,96.645775,4552383.000000,,
BATTERY,68,96.644367,4554303.000000,,
BATTERY,68,96.644367,4554303.000000,,
BATTERY,68,96.643123,4556000.000000,,
BATTERY,68,96.643123,4556000.000000,,
BATTERY,68,96.641784,4557825.000000,,
BATTERY,68,96.641784,4557825.000000,,
BATTERY,68,96.640446,4559650.000000,,
BATTERY,68,96.640446,4559650.000000,,
BATTERY,68,96.639038,4561570.000000,,
BATTERY,68,96.639038,4561570.000000,,
BATTERY,68,96.637700,4563395.000000,,
BATTERY,68,96.637700,4563395.000000,,
BATTERY,68,96.636127,4565540.000000,,
BATTERY,68,96.636127,4565540.000000,,
BATTERY,68,96.634719,4567460.000000,,
BATTERY,68,96.634719,4567460.000000,,
BATTERY,68,96.633380,4569285.000000,,
BATTERY,68,96.633380,4569285.000000,,
BATTERY,68,95.193340,6532976.000000,,
BATTERY,68,95.193340,6532976.000000,,
BATTERY,68,95.191617,6535326.000000,,
BATTERY,68,95.191617,6535326.000000,,
BATTERY,68,95.190268,6537166.000000,,
BATTERY,68,95.190268,6537166.000000,,
BATTERY,68,95.188929,6538991.000000,,
BATTERY,68,95.188929,6538991.000000,,
BATTERY,68,95.187521,6540911.000000,,
BATTERY,68,95.187521,6540911.000000,,
BATTERY,68,95.186075,6542883.000000,,
BATTERY,68,95.186075,6542883.000000,,
BATTERY,68,95.184737,6544708.000000,,
BATTERY,68,95.184737,6544708.000000,,
BATTERY,68,95.183329,6546628.000000,,
BATTERY,68,95.183329,6546628.000000,,
BATTERY,68,95.181990,6548453.000000,,
BATTERY,68,95.181990,6548453.000000,,
BATTERY,68,95.180582,6550373.000000,,
BATTERY,68,95.180582,6550373.000000,,
BATTERY,68,95.179244,6552198.000000,,
BATTERY,68,95.179244,6552198.000000,,
BATTERY,68,95.177906,6554023.000000,,
BATTERY,68,95.177906,6554023.000000,,
BATTERY,68,95.177507,6554567.000000,,
BATTERY,68,95.174188,6556264.000000,,
BATTERY,68,95.172851,6558088.000000,,
BATTERY,68,95.172851,6558088.000000,,
BATTERY,68,95.171208,6560328.000000,,
BATTERY,68,95.171208,6560328.000000,,
BATTERY,68,95.169870,6562153.000000,,
BATTERY,68,95.169870,6562153.000000,,
BATTERY,68,95.168227,6564393.000000,,
BATTERY,68,95.168227,6564393.000000,,
BATTERY,68,95.166889,6566218.000000,,
BATTERY,68,95.166889,6566218.000000,,
BATTERY,68,95.164377,6569643.000000,,
BATTERY,68,95.164377,6569643.000000,,
BATTERY,68,95.162569,6572108.000000,,
BATTERY,68,95.162569,6572108.000000,,
BATTERY,68,94.459787,7530448.000000,,
BATTERY,68,94.456718,7532017.000000,,
BATTERY,68,94.454771,7534673.000000,,
BATTERY,68,94.454771,7534673.000000,,
BATTERY,68,94.452822,7537330.000000,,
BATTERY,68,94.452822,7537330.000000,,
BATTERY,68,94.450404,7540627.000000,,
BATTERY,68,94.450404,7540627.000000,,
BATTERY,68,93.722682,8532976.000000,,
BATTERY,68,93.722682,8532976.000000,,
BATTERY,68,93.721003,8535265.000000,,
BATTERY,68,93.721003,8535265.000000,,
BATTERY,68,93.719665,8537090.000000,,
BATTERY,68,93.719665,8537090.000000,,
BATTERY,68,93.718269,8538994.000000,,
BATTERY,68,93.718269,8538994.000000,,
BATTERY,68,93.716919,8540835.000000,,
BATTERY,68,93.716919,8540835.000000,,
BATTERY,68,93.715522,8542739.000000,,
BATTERY,68,93.715522,8542739.000000,,
BATTERY,68,93.715358,8542963.000000,,
BATTERY,68,93.712039,8544660.000000,,
BATTERY,68,93.710702,8546484.000000,,
BATTERY,68,93.710702,8546484.000000,,
BATTERY,68,93.709352,8548325.000000,,
BATTERY,68,93.709352,8548325.000000,,
BATTERY,68,93.707956,8550229.000000,,
BATTERY,68,93.707956,8550229.000000,,
BATTERY,68,93.706605,8552070.000000,,
BATTERY,68,93.706605,8552070.000000,,
BATTERY,68,93.705209,8553974.000000,,
BATTERY,68,93.705209,8553974.000000,,
BATTERY,68,93.703871,8555799.000000,,
BATTERY,68,93.703871,8555799.000000,,
BATTERY,68,93.702228,8558039.000000,,
BATTERY,68,93.702228,8558039.000000,,
BATTERY,68,93.700655,8560184.000000,,
BATTERY,68,93.700655,8560184.000000,,
BATTERY,68,93.699247,8562104.000000,,
BATTERY,68,93.699247,8562104.000000,,
BATTERY,68,93.697909,8563929.000000,,
BATTERY,68,93.697909,8563929.000000,,
BATTERY,68,93.695867,8566714.000000,,
BATTERY,68,93.695867,8566714.000000,,
BATTERY,68,93.693120,8570459.000000,,
BATTERY,68,93.693120,8570459.000000,,
BATTERY,68,92.253237,10533936.000000,,
BATTERY,68,92.253237,10533936.000000,,
BATTERY,68,92.251742,10535975.000000,,
BATTERY,68,92.251742,10535975.000000,,
BATTERY,68,92.250169,10538120.000000,,
BATTERY,68,92.250169,10538120.000000,,
BATTERY,68,92.248830,10539945.000000,,
BATTERY,68,92.248830,10539945.000000,,
BATTERY,68,92.248666,10540169.000000,,
BATTERY,68,92.245348,10541866.000000,,
BATTERY,68,92.244010,10543690.000000,,
BATTERY,68,92.244010,10543690.000000,,
BATTERY,68,92.242602,10545610.000000,,
BATTERY,68,92.242602,10545610.000000,,
BATTERY,68,92.241264,10547435.000000,,
BATTERY,68,92.241264,10547435.000000,,
BATTERY,68,92.239856,10549355.000000,,
BATTERY,68,92.239856,10549355.000000,,
BATTERY,68,92.238517,10551180.000000,,
BATTERY,68,92.238517,10551180.000000,,
BATTERY,68,92.237109,10553100.000000,,
BATTERY,68,92.237109,10553100.000000,,
BATTERY,68,92.235771,10554925.000000,,
BATTERY,68,92.235771,10554925.000000,,
BATTERY,68,92.234363,10556845.000000,,
BATTERY,68,92.234363,10556845.000000,,
BATTERY,68,92.233025,10558670.000000,,
BATTERY,68,92.233025,10558670.000000,,
BATTERY,68,92.231617,10560590.000000,,
BATTERY,68,92.231617,10560590.000000,,
BATTERY,68,92.230278,10562415.000000,,
BATTERY,68,92.230278,10562415.000000,,
BATTERY,68,92.228940,10564240.000000,,
BATTERY,68,92.228940,10564240.000000,,
BATTERY,68,92.227602,10566065.000000,,
BATTERY,68,92.227602,10566065.000000,,
BATTERY,68,92.226194,10567985.000000,,
BATTERY,68,92.226194,10567985.000000,,
BATTERY,68,92.224855,10569810.000000,,
BATTERY,68,92.224855,10569810.000000,,
BATTERY,68,92.223447,10571730.000000,,
BATTERY,68,92.223447,10571730.000000,,
BATTERY,68,92.221874,10573875.000000,,
BATTERY,68,92.221874,10573875.000000,,
BATTERY,68,92.219832,10576660.000000,,
BATTERY,68,92.219832,10576660.000000,,
BATTERY,68,88.585904,15532016.000000,,
BATTERY,68,88.585904,15532016.000000,,
BATTERY,68,88.585810,15532145.000000,,
BATTERY,68,88.582741,15533714.000000,,
BATTERY,68,88.581099,15535953.000000,,
BATTERY,68,88.581099,15535953.000000,,
BATTERY,68,88.579620,15537970.000000,,
BATTERY,68,88.579620,15537970.000000,,
BATTERY,68,87.850888,16531696.000000,,
BATTERY,68,87.850888,16531696.000000,,
BATTERY,68,87.842711,16542847.000000,,
BATTERY,68,87.842711,16542847.000000,,
BATTERY,68,86.383752,18532336.000000,,
BATTERY,68,86.383752,18532336.000000,,
BATTERY,68,86.382103,18534584.000000,,
BATTERY,68,86.382103,18534584.000000,,
BATTERY,68,86.380651,18536565.000000,,
BATTERY,68,86.380651,18536565.000000,,
BATTERY,68,86.379249,18538477.000000,,
BATTERY,68,86.379249,18538477.000000,,
BATTERY,68,86.377910,18540302.000000,,
BATTERY,68,86.377910,18540302.000000,,
BATTERY,68,86.376502,18542222.000000,,
BATTERY,68,86.376502,18542222.000000,,
BATTERY,68,86.375114,18544115.000000,,
BATTERY,68,86.375114,18544115.000000,,
BATTERY,68,86.373756,18545967.000000,,
BATTERY,68,86.373756,18545967.000000,,
BATTERY,68,86.372368,18547860.000000,,
BATTERY,68,86.372368,18547860.000000,,
BATTERY,68,86.371010,18549712.000000,,
BATTERY,68,86.371010,18549712.000000,,
BATTERY,68,86.369621,18551605.000000,,
BATTERY,68,86.369621,18551605.000000,,
BATTERY,68,86.368263,18553457.000000,,
BATTERY,68,86.368263,18553457.000000,,
BATTERY,68,86.366875,18555350.000000,,
BATTERY,68,86.366875,18555350.000000,,
BATTERY,68,86.365467,18557270.000000,,
BATTERY,68,86.365467,18557270.000000,,
BATTERY,68,86.364129,18559095.000000,,
BATTERY,68,86.364129,18559095.000000,,
BATTERY,68,86.362556,18561240.000000,,
BATTERY,68,86.362556,18561240.000000,,
BATTERY,68,86.361922,18562104.000000,,
BATTERY,68,86.358603,18563801.000000,,
BATTERY,68,86.356327,18566905.000000,,
BATTERY,68,86.356327,18566905.000000,,
BATTERY,68,81.249964,25530128.000000,,
BATTERY,68,81.246895,25531697.000000,,
BATTERY,68,81.245417,25533713.000000,,
BATTERY,68,81.245417,25533713.000000,,
BATTERY,68,81.242999,25537010.000000,,
BATTERY,68,81.242999,25537010.000000,,
BATTERY,68,81.241520,25539027.000000,,
BATTERY,68,81.241520,25539027.000000,,
BATTERY,68,80.513093,26532336.000000,,
BATTERY,68,80.513093,26532336.000000,,
BATTERY,68,80.506801,26540916.000000,,
BATTERY,68,80.506801,26540916.000000,,
BATTERY,68,79.046427,28532336.000000,,
BATTERY,68,79.046427,28532336.000000,,
BATTERY,68,79.044794,28534562.000000,,
BATTERY,68,79.044794,28534562.000000,,
BATTERY,68,79.043456,28536387.000000,,
BATTERY,68,79.043456,28536387.000000,,
BATTERY,68,79.042057,28538295.000000,,
BATTERY,68,79.042057,28538295.000000,,
BATTERY,68,79.041953,28538436.000000,,
BATTERY,68,79.038635,28540133.000000,,
BATTERY,68,79.037236,28542040.000000,,
BATTERY,68,79.037236,28542040.000000,,
BATTERY,68,79.035889,28543877.000000,,
BATTERY,68,79.035889,28543877.000000,,
BATTERY,68,79.034490,28545785.000000,,
BATTERY,68,79.034490,28545785.000000,,
BATTERY,68,79.033143,28547622.000000,,
BATTERY,68,79.033143,28547622.000000,,
BATTERY,68,79.031744,28549530.000000,,
BATTERY,68,79.031744,28549530.000000,,
BATTERY,68,79.030397,28551367.000000,,
BATTERY,68,79.030397,28551367.000000,,
BATTERY,68,79.028997,28553275.000000,,
BATTERY,68,79.028997,28553275.000000,,
BATTERY,68,79.027650,28555112.000000,,
BATTERY,68,79.027650,28555112.000000,,
BATTERY,68,79.026312,28556937.000000,,
BATTERY,68,79.026312,28556937.000000,,
BATTERY,68,79.024904,28558857.000000,,
BATTERY,68,79.024904,28558857.000000,,
BATTERY,68,79.023331,28561002.000000,,
BATTERY,68,79.023331,28561002.000000,,
BATTERY,68,79.021993,28562827.000000,,
BATTERY,68,79.021993,28562827.000000,,
BATTERY,68,79.019411,28566347.000000,,
BATTERY,68,79.019411,28566347.000000,,
BATTERY,68,79.017134,28569452.000000,,
BATTERY,68,79.017134,28569452.000000,,
BATTERY,68,73.911254,35532016.000000,,
BATTERY,68,73.911254,35532016.000000,,
BATTERY,68,73.908602,35535633.000000,,
BATTERY,68,73.908602,35535633.000000,,
BATTERY,68,73.907568,35537042.000000,,
BATTERY,68,73.904500,35538611.000000,,
BATTERY,68,73.902318,35541587.000000,,
BATTERY,68,73.902318,35541587.000000,,
BATTERY,68,73.176238,36531696.000000,,
BATTERY,68,73.176238,36531696.000000,,
BATTERY,68,73.173160,36535893.000000,,
BATTERY,68,73.173160,36535893.000000,,
BATTERY,68,71.709571,38531696.000000,,
BATTERY,68,71.709571,38531696.000000,,
BATTERY,68,71.707102,38535063.000000,,
BATTERY,68,71.707102,38535063.000000,,
BATTERY,68,71.705749,38536908.000000,,
BATTERY,68,71.705749,38536908.000000,,
BATTERY,68,71.704365,38538795.000000,,
BATTERY,68,71.704365,38538795.000000,,
BATTERY,68,71.703003,38540653.000000,,
BATTERY,68,71.703003,38540653.000000,,
BATTERY,68,71.701581,38542591.000000,,
BATTERY,68,71.701581,38542591.000000,,
BATTERY,68,71.701417,38542815.000000,,
BATTERY,68,71.698099,38544512.000000,,
BATTERY,68,71.696761,38546336.000000,,
BATTERY,68,71.696761,38546336.000000,,
BATTERY,68,71.695423,38548161.000000,,
BATTERY,68,71.695423,38548161.000000,,
BATTERY,68,71.694015,38550081.000000,,
BATTERY,68,71.694015,38550081.000000,,
BATTERY,68,71.692676,38551906.000000,,
BATTERY,68,71.692676,38551906.000000,,
BATTERY,68,71.691268,38553826.000000,,
BATTERY,68,71.691268,38553826.000000,,
BATTERY,68,71.689930,38555651.000000,,
BATTERY,68,71.689930,38555651.000000,,
BATTERY,68,71.688522,38557571.000000,,
BATTERY,68,71.688522,38557571.000000,,
BATTERY,68,71.687184,38559396.000000,,
BATTERY,68,71.687184,38559396.000000,,
BATTERY,68,71.685541,38561636.000000,,
BATTERY,68,71.685541,38561636.000000,,
BATTERY,68,71.684133,38563556.000000,,
BATTERY,68,71.684133,38563556.000000,,
BATTERY,68,71.682325,38566021.000000,,
BATTERY,68,71.682325,38566021.000000,,
BATTERY,68,71.680752,38568166.000000,,
BATTERY,68,71.680752,38568166.000000,,
BATTERY,68,71.679414,38569991.000000,,
BATTERY,68,71.679414,38569991.000000,,
BATTERY,68,71.678006,38571911.000000,,
BATTERY,68,71.678006,38571911.000000,,
BATTERY,68,71.675260,38575656.000000,,
BATTERY,68,71.675260,38575656.000000,,
BATTERY,68,66.575313,45530128.000000,,
BATTERY,68,66.572245,45531697.000000,,
BATTERY,68,66.570838,45533616.000000,,
BATTERY,68,66.570838,45533616.000000,,
BATTERY,68,65.837739,46533296.000000,,
BATTERY,68,65.837739,46533296.000000,,
BATTERY,68,65.829274,46544840.000000,,
BATTERY,68,65.829274,46544840.000000,,
BATTERY,68,64.371777,48532336.000000,,
BATTERY,68,64.371777,48532336.000000,,
BATTERY,68,64.370229,48534447.000000,,
BATTERY,68,64.370229,48534447.000000,,
BATTERY,68,64.368890,48536272.000000,,
BATTERY,68,64.368890,48536272.000000,,
BATTERY,68,64.367552,48538097.000000,,
BATTERY,68,64.367552,48538097.000000,,
BATTERY,68,64.366144,48540017.000000,,
BATTERY,68,64.366144,48540017.000000,,
BATTERY,68,64.364806,48541842.000000,,
BATTERY,68,64.364806,48541842.000000,,
BATTERY,68,64.363335,48543847.000000,,
BATTERY,68,64.363335,48543847.000000,,
BATTERY,68,64.361997,48545672.000000,,
BATTERY,68,64.361997,48545672.000000,,
BATTERY,68,64.360589,48547592.000000,,
BATTERY,68,64.360589,48547592.000000,,
BATTERY,68,64.360425,48547816.000000,,
BATTERY,68,64.357106,48549513.000000,,
BATTERY,68,64.355768,48551337.000000,,
BATTERY,68,64.355768,48551337.000000,,
BATTERY,68,64.354360,48553257.000000,,
BATTERY,68,64.354360,48553257.000000,,
BATTERY,68,64.353022,48555082.000000,,
BATTERY,68,64.353022,48555082.000000,,
BATTERY,68,64.351684,48556907.000000,,
BATTERY,68,64.351684,48556907.000000,,
BATTERY,68,64.350041,48559147.000000,,
BATTERY,68,64.350041,48559147.000000,,
BATTERY,68,64.348703,48560972.000000,,
BATTERY,68,64.348703,48560972.000000,,
BATTERY,68,64.347060,48563212.000000,,
BATTERY,68,64.347060,48563212.000000,,
BATTERY,68,64.345252,48565677.000000,,
BATTERY,68,64.345252,48565677.000000,,
BATTERY,68,64.343210,48568462.000000,,
BATTERY,68,64.343210,48568462.000000,,
BATTERY,68,64.341168,48571247.000000,,
BATTERY,68,64.341168,48571247.000000,,
BATTERY,68,64.339595,48573392.000000,,
BATTERY,68,64.339595,48573392.000000,,
BATTERY,68,59.236838,55531696.000000,,
BATTERY,68,59.236838,55531696.000000,,
BATTERY,68,59.236509,55532145.000000,,
BATTERY,68,59.233441,55533714.000000,,
BATTERY,68,59.231493,55536370.000000,,
BATTERY,68,59.231493,55536370.000000,,
BATTERY,68,58.501587,56531696.000000,,
BATTERY,68,58.501587,56531696.000000,,
BATTERY,68,58.493333,56542952.000000,,
BATTERY,68,58.493333,56542952.000000,,
BATTERY,68,57.033513,58533616.000000,,
BATTERY,68,57.033513,58533616.000000,,
BATTERY,68,57.032112,58535526.000000,,
BATTERY,68,57.032112,58535526.000000,,
BATTERY,68,57.030715,58537431.000000,,
BATTERY,68,57.030715,58537431.000000,,
BATTERY,68,57.029377,58539256.000000,,
BATTERY,68,57.029377,58539256.000000,,
BATTERY,68,57.028027,58541096.000000,,
BATTERY,68,57.028027,58541096.000000,,
BATTERY,68,57.026607,58543033.000000,,
BATTERY,68,57.026607,58543033.000000,,
BATTERY,68,57.026481,58543205.000000,,
BATTERY,68,57.023162,58544902.000000,,
BATTERY,68,57.021787,58546778.000000,,
BATTERY,68,57.021787,58546778.000000,,
BATTERY,68,57.020392,58548680.000000,,
BATTERY,68,57.020392,58548680.000000,,
BATTERY,68,57.019040,58550523.000000,,
BATTERY,68,57.019040,58550523.000000,,
BATTERY,68,57.017645,58552425.000000,,
BATTERY,68,57.017645,58552425.000000,,
BATTERY,68,57.016294,58554268.000000,,
BATTERY,68,57.016294,58554268.000000,,
BATTERY,68,57.014899,58556170.000000,,
BATTERY,68,57.014899,58556170.000000,,
BATTERY,68,57.013548,58558013.000000,,
BATTERY,68,57.013548,58558013.000000,,
BATTERY,68,57.011918,58560235.000000,,
BATTERY,68,57.011918,58560235.000000,,
BATTERY,68,57.010510,58562155.000000,,
BATTERY,68,57.010510,58562155.000000,,
BATTERY,68,57.009172,58563980.000000,,
BATTERY,68,57.009172,58563980.000000,,
BATTERY,68,57.007351,58566463.000000,,
BATTERY,68,57.007351,58566463.000000,,
BATTERY,68,57.005778,58568608.000000,,
BATTERY,68,57.005778,58568608.000000,,
BATTERY,68,57.004205,58570753.000000,,
BATTERY,68,57.004205,58570753.000000,,
BATTERY,68,51.898809,65532656.000000,,
BATTERY,68,51.898809,65532656.000000,,
BATTERY,68,51.898245,65533425.000000,,
BATTERY,68,51.895177,65534994.000000,,
BATTERY,68,51.892525,65538610.000000,,
BATTERY,68,51.892525,65538610.000000,,
BATTERY,68,51.162620,66533936.000000,,
BATTERY,68,51.162620,66533936.000000,,
BATTERY,68,51.157662,66540697.000000,,
BATTERY,68,51.157662,66540697.000000,,
BATTERY,68,49.697596,68531696.000000,,
BATTERY,68,49.697596,68531696.000000,,
BATTERY,68,49.695940,68533954.000000,,
BATTERY,68,49.695940,68533954.000000,,
BATTERY,68,49.694555,68535842.000000,,
BATTERY,68,49.694555,68535842.000000,,
BATTERY,68,49.693217,68537667.000000,,
BATTERY,68,49.693217,68537667.000000,,
BATTERY,68,49.691809,68539587.000000,,
BATTERY,68,49.691809,68539587.000000,,
BATTERY,68,49.690471,68541412.000000,,
BATTERY,68,49.690471,68541412.000000,,
BATTERY,68,49.689063,68543332.000000,,
BATTERY,68,49.689063,68543332.000000,,
BATTERY,68,49.687612,68545310.000000,,
BATTERY,68,49.687612,68545310.000000,,
BATTERY,68,49.686274,68547135.000000,,
BATTERY,68,49.686274,68547135.000000,,
BATTERY,68,49.684866,68549055.000000,,
BATTERY,68,49.684866,68549055.000000,,
BATTERY,68,49.683527,68550880.000000,,
BATTERY,68,49.683527,68550880.000000,,
BATTERY,68,49.681885,68553120.000000,,
BATTERY,68,49.681885,68553120.000000,,
BATTERY,68,49.680546,68554945.000000,,
BATTERY,68,49.680546,68554945.000000,,
BATTERY,68,49.679138,68556865.000000,,
BATTERY,68,49.679138,68556865.000000,,
BATTERY,68,49.677800,68558690.000000,,
BATTERY,68,49.677800,68558690.000000,,
BATTERY,68,49.676462,68560515.000000,,
BATTERY,68,49.676462,68560515.000000,,
BATTERY,68,49.675054,68562435.000000,,
BATTERY,68,49.675054,68562435.000000,,
BATTERY,68,49.673646,68564355.000000,,
BATTERY,68,49.673646,68564355.000000,,
BATTERY,68,49.672307,68566180.000000,,
BATTERY,68,49.672307,68566180.000000,,
BATTERY,68,49.672143,68566404.000000,,
BATTERY,68,49.668825,68568101.000000,,
BATTERY,68,44.562188,75531696.000000,,
BATTERY,68,44.562188,75531696.000000,,
BATTERY,68,44.561930,75532048.000000,,
BATTERY,68,44.558862,75533617.000000,,
BATTERY,68,44.557383,75535633.000000,,
BATTERY,68,44.557383,75535633.000000,,
BATTERY,68,43.826233,76532656.000000,,
BATTERY,68,43.826233,76532656.000000,,
BATTERY,68,43.818181,76543636.000000,,
BATTERY,68,43.818181,76543636.000000,,
BATTERY,68,42.359801,78532336.000000,,
BATTERY,68,42.359801,78532336.000000,,
BATTERY,68,42.358092,78534667.000000,,
BATTERY,68,42.358092,78534667.000000,,
BATTERY,68,42.356519,78536812.000000,,
BATTERY,68,42.356519,78536812.000000,,
BATTERY,68,42.355126,78538712.000000,,
BATTERY,68,42.355126,78538712.000000,,
BATTERY,68,42.353708,78540645.000000,,
BATTERY,68,42.353708,78540645.000000,,
BATTERY,68,42.352370,78542470.000000,,
BATTERY,68,42.352370,78542470.000000,,
BATTERY,68,42.350962,78544390.000000,,
BATTERY,68,42.350962,78544390.000000,,
BATTERY,68,42.349623,78546215.000000,,
BATTERY,68,42.349623,78546215.000000,,
BATTERY,68,42.348215,78548135.000000,,
BATTERY,68,42.348215,78548135.000000,,
BATTERY,68,42.348121,78548264.000000,,
BATTERY,68,42.344802,78549961.000000,,
BATTERY,68,42.343395,78551880.000000,,
BATTERY,68,42.343395,78551880.000000,,
BATTERY,68,42.342057,78553705.000000,,
BATTERY,68,42.342057,78553705.000000,,
BATTERY,68,42.340649,78555625.000000,,
BATTERY,68,42.340649,78555625.000000,,
BATTERY,68,42.339310,78557450.000000,,
BATTERY,68,42.339310,78557450.000000,,
BATTERY,68,42.337902,78559370.000000,,
BATTERY,68,42.337902,78559370.000000,,
BATTERY,68,42.336494,78561290.000000,,
BATTERY,68,42.336494,78561290.000000,,
BATTERY,68,42.333748,78565035.000000,,
BATTERY,68,42.333748,78565035.000000,,
BATTERY,68,37.225778,85530448.000000,,
BATTERY,68,37.222710,85532017.000000,,
BATTERY,68,37.221466,85533713.000000,,
BATTERY,68,37.221466,85533713.000000,,
BATTERY,68,37.219824,85535953.000000,,
BATTERY,68,37.219824,85535953.000000,,
BATTERY,68,36.489143,86532336.000000,,
BATTERY,68,36.489143,86532336.000000,,
BATTERY,68,36.483333,86540258.000000,,
BATTERY,68,36.483333,86540258.000000,,
BATTERY,68,35.021303,88533936.000000,,
BATTERY,68,35.021303,88533936.000000,,
BATTERY,68,35.019054,88537002.000000,,
BATTERY,68,35.019054,88537002.000000,,
BATTERY,68,35.017673,88538886.000000,,
BATTERY,68,35.017673,88538886.000000,,
BATTERY,68,35.016334,88540711.000000,,
BATTERY,68,35.016334,88540711.000000,,
BATTERY,68,35.014996,88542536.000000,,
BATTERY,68,35.014996,88542536.000000,,
BATTERY,68,35.013588,88544456.000000,,
BATTERY,68,35.013588,88544456.000000,,
BATTERY,68,35.013494,88544585.000000,,
BATTERY,68,35.010175,88546282.000000,,
BATTERY,68,35.008768,88548201.000000,,
BATTERY,68,35.008768,88548201.000000,,
BATTERY,68,35.007429,88550026.000000,,
BATTERY,68,35.007429,88550026.000000,,
BATTERY,68,35.006021,88551946.000000,,
BATTERY,68,35.006021,88551946.000000,,
BATTERY,68,35.004683,88553771.000000,,
BATTERY,68,35.004683,88553771.000000,,
BATTERY,68,35.003275,88555691.000000,,
BATTERY,68,35.003275,88555691.000000,,
BATTERY,68,35.001937,88557516.000000,,
BATTERY,68,35.001937,88557516.000000,,
BATTERY,68,35.000529,88559436.000000,,
BATTERY,68,35.000529,88559436.000000,,
BATTERY,68,34.999190,88561261.000000,,
BATTERY,68,34.999190,88561261.000000,,
BATTERY,68,34.997852,88563086.000000,,
BATTERY,68,34.997852,88563086.000000,,
BATTERY,68,34.996209,88565326.000000,,
BATTERY,68,34.996209,88565326.000000,,
BATTERY,68,34.994167,88568111.000000,,
BATTERY,68,34.994167,88568111.000000,,
BATTERY,68,34.991421,88571856.000000,,
BATTERY,68,34.991421,88571856.000000,,
BATTERY,68,29.887538,95531696.000000,,
BATTERY,68,29.887538,95531696.000000,,
BATTERY,68,29.886294,95533393.000000,,
BATTERY,68,29.886294,95533393.000000,,
BATTERY,68,29.884345,95536050.000000,,
BATTERY,68,29.884345,95536050.000000,,
BATTERY,68,29.883077,95537779.000000,,
BATTERY,68,29.880009,95539348.000000,,
BATTERY,68,29.151818,96532336.000000,,
BATTERY,68,29.151818,96532336.000000,,
BATTERY,68,29.143881,96543159.000000,,
BATTERY,68,29.143881,96543159.000000,,
BATTERY,68,27.685151,98532336.000000,,
BATTERY,68,27.685151,98532336.000000,,
BATTERY,68,27.684415,98533340.000000,,
BATTERY,68,27.681096,98535037.000000,,
BATTERY,68,27.679650,98537009.000000,,
BATTERY,68,27.679650,98537009.000000,,
BATTERY,68,27.678186,98539006.000000,,
BATTERY,68,27.678186,98539006.000000,,
BATTERY,68,27.676829,98540856.000000,,
BATTERY,68,27.676829,98540856.000000,,
BATTERY,68,27.675439,98542751.000000,,
BATTERY,68,27.675439,98542751.000000,,
BATTERY,68,27.674012,98544697.000000,,
BATTERY,68,27.674012,98544697.000000,,
BATTERY,68,27.672674,98546522.000000,,
BATTERY,68,27.672674,98546522.000000,,
BATTERY,68,27.671266,98548442.000000,,
BATTERY,68,27.671266,98548442.000000,,
BATTERY,68,27.669928,98550267.000000,,
BATTERY,68,27.669928,98550267.000000,,
BATTERY,68,27.668520,98552187.000000,,
BATTERY,68,27.668520,98552187.000000,,
BATTERY,68,27.667181,98554012.000000,,
BATTERY,68,27.667181,98554012.000000,,
BATTERY,68,27.665773,98555932.000000,,
BATTERY,68,27.665773,98555932.000000,,
BATTERY,68,27.664131,98558172.000000,,
BATTERY,68,27.664131,98558172.000000,,
BATTERY,68,27.662792,98559997.000000,,
BATTERY,68,27.662792,98559997.000000,,
BATTERY,68,27.661454,98561822.000000,,
BATTERY,68,27.661454,98561822.000000,,
BATTERY,68,27.658708,98565567.000000,,
BATTERY,68,27.658708,98565567.000000,,
BATTERY,68,22.551363,105530128.000000,,
BATTERY,68,22.548295,105531697.000000,,
BATTERY,68,22.546112,105534673.000000,,
BATTERY,68,22.546112,105534673.000000,,
BATTERY,68,22.544398,105537010.000000,,
BATTERY,68,22.544398,105537010.000000,,
BATTERY,68,21.814962,106531696.000000,,
BATTERY,68,21.814962,106531696.000000,,
BATTERY,68,21.807409,106541996.000000,,
BATTERY,68,21.807409,106541996.000000,,
BATTERY,68,20.347122,108533296.000000,,
BATTERY,68,20.347122,108533296.000000,,
BATTERY,68,20.345371,108535683.000000,,
BATTERY,68,20.345371,108535683.000000,,
BATTERY,68,20.343564,108538148.000000,,
BATTERY,68,20.343564,108538148.000000,,
BATTERY,68,20.342225,108539973.000000,,
BATTERY,68,20.342225,108539973.000000,,
BATTERY,68,20.340887,108541798.000000,,
BATTERY,68,20.340887,108541798.000000,,
BATTERY,68,20.340723,108542022.000000,,
BATTERY,68,20.337404,108543719.000000,,
BATTERY,68,20.336067,108545543.000000,,
BATTERY,68,20.336067,108545543.000000,,
BATTERY,68,20.334659,108547463.000000,,
BATTERY,68,20.334659,108547463.000000,,
BATTERY,68,20.333320,108549288.000000,,
BATTERY,68,20.333320,108549288.000000,,
BATTERY,68,20.331912,108551208.000000,,
BATTERY,68,20.331912,108551208.000000,,
BATTERY,68,20.330574,108553033.000000,,
BATTERY,68,20.330574,108553033.000000,,
BATTERY,68,20.329166,108554953.000000,,
BATTERY,68,20.329166,108554953.000000,,
BATTERY,68,20.327758,108556873.000000,,
BATTERY,68,20.327758,108556873.000000,,
BATTERY,68,20.326420,108558698.000000,,
BATTERY,68,20.326420,108558698.000000,,
BATTERY,68,20.325081,108560523.000000,,
BATTERY,68,20.325081,108560523.000000,,
BATTERY,68,20.323204,108563083.000000,,
BATTERY,68,20.323204,108563083.000000,,
BATTERY,68,20.320458,108566828.000000,,
BATTERY,68,20.320458,108566828.000000,,
BATTERY,68,14.867752,116002336.000000,,
BATTERY,68,14.867752,116002336.000000,,
BATTERY,68,14.866507,116004033.000000,,
BATTERY,68,14.866507,116004033.000000,,
BATTERY,68,14.865028,116006050.000000,,
BATTERY,68,14.865028,116006050.000000,,
BATTERY,68,14.863291,116008419.000000,,
BATTERY,68,14.860223,116009988.000000,,
BATTERY,68,14.844303,116031696.000000,,
BATTERY,68,14.844303,116031696.000000,,
BATTERY,68,14.842355,116034353.000000,,
BATTERY,68,14.842355,116034353.000000,,
BATTERY,68,14.840641,116036690.000000,,
BATTERY,68,14.840641,116036690.000000,,
BATTERY,68,14.838834,116039155.000000,,
BATTERY,68,14.838834,116039155.000000,,
BATTERY,68,14.837566,116040884.000000,,
BATTERY,68,14.834497,116042453.000000,,
BATTERY,68,14.476869,116530128.000000,,
BATTERY,68,14.473801,116531697.000000,,
BATTERY,68,14.472322,116533713.000000,,
BATTERY,68,14.472322,116533713.000000,,
BATTERY,68,14.470914,116535633.000000,,
BATTERY,68,14.470914,116535633.000000,,
BATTERY,68,14.467033,116540926.000000,,
BATTERY,68,14.467033,116540926.000000,,
BATTERY,68,14.128900,117002016.000000,,
BATTERY,68,14.128900,117002016.000000,,
BATTERY,68,13.741618,117530128.000000,,
BATTERY,68,13.738550,117531697.000000,,
BATTERY,68,13.737142,117533616.000000,,
BATTERY,68,13.737142,117533616.000000,,
BATTERY,68,13.735898,117535313.000000,,
BATTERY,68,13.735898,117535313.000000,,
BATTERY,68,13.733246,117538930.000000,,
BATTERY,68,13.733246,117538930.000000,,
BATTERY,68,13.393649,118002016.000000,,
BATTERY,68,13.393649,118002016.000000,,
BATTERY,68,13.370710,118033296.000000,,
BATTERY,68,13.370710,118033296.000000,,
BATTERY,68,13.004513,118532656.000000,,
BATTERY,68,13.004513,118532656.000000,,
BATTERY,68,12.999716,118539197.000000,,
BATTERY,68,12.999716,118539197.000000,,
BATTERY,68,12.999387,118539646.000000,,
BATTERY,68,12.996069,118541343.000000,,
BATTERY,68,12.994584,118543368.000000,,
BATTERY,68,12.994584,118543368.000000,,
BATTERY,68,12.991046,118548192.000000,,
BATTERY,68,12.991046,118548192.000000,,
BATTERY,68,12.988534,118551617.000000,,
BATTERY,68,12.988534,118551617.000000,,
BATTERY,68,12.657068,119003616.000000,,
BATTERY,68,12.657068,119003616.000000,,
BATTERY,68,12.269810,119531696.000000,,
BATTERY,68,12.269810,119531696.000000,,
BATTERY,68,12.269011,119532785.000000,,
BATTERY,68,12.265943,119534354.000000,,
BATTERY,68,12.264230,119536690.000000,,
BATTERY,68,12.264230,119536690.000000,,
BATTERY,68,12.261812,119539987.000000,,
BATTERY,68,12.261812,119539987.000000,,
BATTERY,68,11.923225,120001696.000000,,
BATTERY,68,11.923225,120001696.000000,,
BATTERY,68,11.900991,120032016.000000,,
BATTERY,68,11.900991,120032016.000000,,
BATTERY,68,11.899042,120034673.000000,,
BATTERY,68,11.899042,120034673.000000,,
BATTERY,68,11.896627,120037966.000000,,
BATTERY,68,11.896627,120037966.000000,,
BATTERY,68,11.896429,120038237.000000,,
BATTERY,68,11.893110,120039934.000000,,
BATTERY,68,11.890364,120043678.000000,,
BATTERY,68,11.890364,120043678.000000,,
BATTERY,68,11.530842,120533936.000000,,
BATTERY,68,11.530842,120533936.000000,,
BATTERY,68,11.528200,120537539.000000,,
BATTERY,68,11.524881,120539236.000000,,
BATTERY,68,11.523544,120541060.000000,,
BATTERY,68,11.523544,120541060.000000,,
BATTERY,68,11.519962,120545944.000000,,
BATTERY,68,11.519962,120545944.000000,,
BATTERY,68,11.514837,120552933.000000,,
BATTERY,68,11.514837,120552933.000000,,
BATTERY,68,11.185744,121001696.000000,,
BATTERY,68,11.185744,121001696.000000,,
BATTERY,68,11.163274,121032336.000000,,
BATTERY,68,11.163274,121032336.000000,,
BATTERY,68,11.156308,121041836.000000,,
BATTERY,68,11.156308,121041836.000000,,
BATTERY,68,11.154953,121043683.000000,,
BATTERY,68,11.154953,121043683.000000,,
BATTERY,68,11.154805,121043885.000000,,
BATTERY,68,11.151487,121045582.000000,,
BATTERY,68,11.144986,121054446.000000,,
BATTERY,68,11.144986,121054446.000000,,
BATTERY,68,10.449867,122002336.000000,,
BATTERY,68,10.449867,122002336.000000,,
BATTERY,68,10.447919,122004993.000000,,
BATTERY,68,10.447919,122004993.000000,,
BATTERY,68,10.427163,122033296.000000,,
BATTERY,68,10.427163,122033296.000000,,
BATTERY,68,10.061435,122532016.000000,,
BATTERY,68,10.061435,122532016.000000,,
BATTERY,68,10.057904,122536831.000000,,
BATTERY,68,10.057904,122536831.000000,,
BATTERY,68,10.056331,122538976.000000,,
BATTERY,68,10.056331,122538976.000000,,
BATTERY,68,10.055767,122539745.000000,,
BATTERY,68,10.052449,122541442.000000,,
BATTERY,68,10.047966,122547554.000000,,
BATTERY,68,10.047966,122547554.000000,,
BATTERY,68,9.711409,123006496.000000,,
BATTERY,68,9.711409,123006496.000000,,
BATTERY,68,9.691756,123033296.000000,,
BATTERY,68,9.691756,123033296.000000,,
BATTERY,68,9.689001,123037052.000000,,
BATTERY,68,9.685683,123038749.000000,,
BATTERY,68,9.684110,123040893.000000,,
BATTERY,68,9.684110,123040893.000000,,
BATTERY,68,9.681599,123044318.000000,,
BATTERY,68,9.681599,123044318.000000,,
BATTERY,68,9.680260,123046143.000000,,
BATTERY,68,9.680260,123046143.000000,,
BATTERY,68,9.324188,123531696.000000,,
BATTERY,68,9.324188,123531696.000000,,
BATTERY,68,9.322944,123533393.000000,,
BATTERY,68,9.322944,123533393.000000,,
BATTERY,68,9.322686,123533745.000000,,
BATTERY,68,9.319617,123535314.000000,,
BATTERY,68,9.311568,123546290.000000,,
BATTERY,68,9.311568,123546290.000000,,
BATTERY,68,9.309710,123548824.000000,,
BATTERY,68,9.309710,123548824.000000,,
BATTERY,68,9.307905,123551285.000000,,
BATTERY,68,9.307905,123551285.000000,,
BATTERY,68,9.307341,123552054.000000,,
BATTERY,68,9.304023,123553751.000000,,
BATTERY,68,9.293298,123568375.000000,,
BATTERY,68,9.293298,123568375.000000,,
BATTERY,68,8.964735,124016416.000000,,
BATTERY,68,8.964735,124016416.000000,,
BATTERY,68,8.953530,124031696.000000,,
BATTERY,68,8.953530,124031696.000000,,
BATTERY,68,8.585220,124533936.000000,,
BATTERY,68,8.585220,124533936.000000,,
BATTERY,68,8.581403,124539142.000000,,
BATTERY,68,8.578084,124540839.000000,,
BATTERY,68,8.575536,124544313.000000,,
BATTERY,68,8.575536,124544313.000000,,
BATTERY,68,8.574176,124546168.000000,,
BATTERY,68,8.574176,124546168.000000,,
BATTERY,68,8.572790,124548058.000000,,
BATTERY,68,8.572790,124548058.000000,,
BATTERY,68,8.571217,124550203.000000,,
BATTERY,68,8.571217,124550203.000000,,
BATTERY,68,8.239888,125002016.000000,,
BATTERY,68,8.239888,125002016.000000,,
BATTERY,68,8.235123,125008513.000000,,
BATTERY,68,8.235123,125008513.000000,,
BATTERY,68,8.218122,125031696.000000,,
BATTERY,68,8.218122,125031696.000000,,
BATTERY,68,8.216408,125034033.000000,,
BATTERY,68,8.216408,125034033.000000,,
BATTERY,68,8.214671,125036402.000000,,
BATTERY,68,8.211353,125038099.000000,,
BATTERY,68,8.209675,125040386.000000,,
BATTERY,68,8.209675,125040386.000000,,
BATTERY,68,8.208095,125042541.000000,,
BATTERY,68,8.208095,125042541.000000,,
BATTERY,68,8.201594,125051406.000000,,
BATTERY,68,8.201594,125051406.000000,,
BATTERY,68,7.848443,125532976.000000,,
BATTERY,68,7.848443,125532976.000000,,
BATTERY,68,7.504715,126001696.000000,,
BATTERY,68,7.504715,126001696.000000,,
BATTERY,68,7.503307,126003616.000000,,
BATTERY,68,7.503307,126003616.000000,,
BATTERY,68,7.481776,126032976.000000,,
BATTERY,68,7.481776,126032976.000000,,
BATTERY,68,7.114640,126533616.000000,,
BATTERY,68,7.114640,126533616.000000,,
BATTERY,68,6.770208,127003296.000000,,
BATTERY,68,6.770208,127003296.000000,,
BATTERY,68,6.382245,127532336.000000,,
BATTERY,68,6.382245,127532336.000000,,
BATTERY,68,6.378723,127537139.000000,,
BATTERY,68,6.378723,127537139.000000,,
BATTERY,68,6.372513,127545608.000000,,
BATTERY,68,6.372513,127545608.000000,,
BATTERY,68,6.368124,127551593.000000,,
BATTERY,68,6.368124,127551593.000000,,
BATTERY,68,6.367961,127551815.000000,,
BATTERY,68,6.364642,127553512.000000,,
BATTERY,68,6.035739,128002016.000000,,
BATTERY,68,6.035739,128002016.000000,,
BATTERY,68,6.012801,128033296.000000,,
BATTERY,68,6.012801,128033296.000000,,
BATTERY,68,6.009228,128038168.000000,,
BATTERY,68,6.009228,128038168.000000,,
BATTERY,68,6.007413,128040643.000000,,
BATTERY,68,6.007413,128040643.000000,,
BATTERY,68,5.996993,128054852.000000,,
BATTERY,68,5.993674,128056549.000000,,
BATTERY,68,5.644764,128532336.000000,,
BATTERY,68,5.644764,128532336.000000,,
BATTERY,68,5.300567,129001696.000000,,
BATTERY,68,5.300567,129001696.000000,,
BATTERY,68,5.299159,129003616.000000,,
BATTERY,68,5.299159,129003616.000000,,
BATTERY,68,5.277863,129032656.000000,,
BATTERY,68,5.277863,129032656.000000,,
BATTERY,68,4.910492,129533616.000000,,
BATTERY,68,4.910492,129533616.000000,,
BATTERY,68,4.906340,129539278.000000,,
BATTERY,68,4.906340,129539278.000000,,
BATTERY,68,4.900905,129546689.000000,,
BATTERY,68,4.900905,129546689.000000,,
BATTERY,68,4.899097,129549154.000000,,
BATTERY,68,4.899097,129549154.000000,,
BATTERY,68,4.898299,129550243.000000,,
BATTERY,68,4.894980,129551940.000000,,
BATTERY,68,4.561874,130006176.000000,,
BATTERY,68,4.561874,130006176.000000,,
BATTERY,68,4.541986,130033296.000000,,
BATTERY,68,4.541986,130033296.000000,,
BATTERY,68,4.535479,130042169.000000,,
BATTERY,68,4.535479,130042169.000000,,
BATTERY,68,4.531187,130048022.000000,,
BATTERY,68,4.531187,130048022.000000,,
BATTERY,68,4.529518,130050298.000000,,
BATTERY,68,4.526199,130051995.000000,,
BATTERY,68,3.829048,131002656.000000,,
BATTERY,68,3.829048,131002656.000000,,
BATTERY,68,3.827569,131004673.000000,,
BATTERY,68,3.827569,131004673.000000,,
BATTERY,68,3.806109,131033936.000000,,
BATTERY,68,3.806109,131033936.000000,,
BATTERY,68,3.441531,131531088.000000,,
BATTERY,68,3.438463,131532657.000000,,
BATTERY,68,3.437219,131534353.000000,,
BATTERY,68,3.437219,131534353.000000,,
BATTERY,68,3.435974,131536050.000000,,
BATTERY,68,3.435974,131536050.000000,,
BATTERY,68,3.434566,131537970.000000,,
BATTERY,68,3.434566,131537970.000000,,
BATTERY,68,3.434472,131538099.000000,,
BATTERY,68,3.431153,131539796.000000,,
BATTERY,68,3.429058,131542653.000000,,
BATTERY,68,3.429058,131542653.000000,,
BATTERY,68,3.427016,131545438.000000,,
BATTERY,68,3.427016,131545438.000000,,
BATTERY,68,3.425443,131547583.000000,,
BATTERY,68,3.425443,131547583.000000,,
BATTERY,68,3.086231,132010144.000000,,
BATTERY,68,3.086231,132010144.000000,,
BATTERY,68,3.070427,132031696.000000,,
BATTERY,68,3.070427,132031696.000000,,
BATTERY,68,3.067101,132036231.000000,,
BATTERY,68,3.067101,132036231.000000,,
BATTERY,68,3.065763,132038056.000000,,
BATTERY,68,3.065763,132038056.000000,,
BATTERY,68,3.054099,132053961.000000,,
BATTERY,68,3.054099,132053961.000000,,
BATTERY,68,3.053770,132054410.000000,,
BATTERY,68,3.050451,132056107.000000,,
BATTERY,68,2.701686,132531696.000000,,
BATTERY,68,2.701686,132531696.000000,,
BATTERY,68,2.357019,133001696.000000,,
BATTERY,68,2.357019,133001696.000000,,
BATTERY,68,2.355611,133003616.000000,,
BATTERY,68,2.355611,133003616.000000,,
BATTERY,68,2.333611,133033616.000000,,
BATTERY,68,2.333611,133033616.000000,,
BATTERY,68,1.967883,133532336.000000,,
BATTERY,68,1.967883,133532336.000000,,
BATTERY,68,1.965644,133535390.000000,,
BATTERY,68,1.965644,133535390.000000,,
BATTERY,68,1.962897,133539135.000000,,
BATTERY,68,1.962897,133539135.000000,,
BATTERY,68,1.958947,133544521.000000,,
BATTERY,68,1.958947,133544521.000000,,
BATTERY,68,1.955333,133549450.000000,,
BATTERY,68,1.952014,133551147.000000,,
BATTERY,68,1.621377,134002016.000000,,
BATTERY,68,1.621377,134002016.000000,,
BATTERY,68,1.598438,134033296.000000,,
BATTERY,68,1.598438,134033296.000000,,
BATTERY,68,1.596973,134035294.000000,,
BATTERY,68,1.596973,134035294.000000,,
BATTERY,68,1.594577,134038561.000000,,
BATTERY,68,1.594577,134038561.000000,,
BATTERY,68,1.593004,134040706.000000,,
BATTERY,68,1.593004,134040706.000000,,
BATTERY,68,1.592910,134040835.000000,,
BATTERY,68,1.589591,134042532.000000,,
BATTERY,68,0.885266,135002976.000000,,
BATTERY,68,0.885266,135002976.000000,,
BATTERY,68,0.883552,135005313.000000,,
BATTERY,68,0.883552,135005313.000000,,
BATTERY,68,0.863031,135033296.000000,,
BATTERY,68,0.863031,135033296.000000,,
BATTERY,68,0.497538,135531696.000000,,
BATTERY,68,0.497538,135531696.000000,,
BATTERY,68,0.494634,135535655.000000,,
BATTERY,68,0.494634,135535655.000000,,
BATTERY,68,0.492827,135538120.000000,,
BATTERY,68,0.492827,135538120.000000,,
BATTERY,68,0.492732,135538249.000000,,
BATTERY,68,0.489413,135539946.000000,,
BATTERY,68,0.487372,135542730.000000,,
BATTERY,68,0.487372,135542730.000000,,
BATTERY,68,0.000000,141532368.000000,,
BATTERY,68,0.000000,499530000.000000,,
