BATTERY,15,99.998152,2016.000000,,
BATTERY,15,99.998152,2016.000000,,
BATTERY,15,99.996596,3713.000000,,
BATTERY,15,99.996596,3713.000000,,
BATTERY,15,99.994747,5730.000000,,
BATTERY,15,99.994747,5730.000000,,
BATTERY,15,99.993192,7427.000000,,
BATTERY,15,99.993192,7427.000000,,
BATTERY,15,99.989583,11364.000000,,
BATTERY,15,99.989583,11364.000000,,
BATTERY,15,99.970652,32016.000000,,
BATTERY,15,99.970652,32016.000000,,
BATTERY,15,99.969096,33713.000000,,
BATTERY,15,99.969096,33713.000000,,
BATTERY,15,99.967541,35410.000000,,
BATTERY,15,99.967541,35410.000000,,
BATTERY,15,99.965575,37555.000000,,
BATTERY,15,99.965575,37555.000000,,
BATTERY,15,99.963902,39380.000000,,
BATTERY,15,99.963902,39380.000000,,
BATTERY,15,99.962142,41300.000000,,
BATTERY,15,99.962142,41300.000000,,
BATTERY,15,99.960444,43152.000000,,
BATTERY,15,99.960444,43152.000000,,
BATTERY,15,99.958709,45045.000000,,
BATTERY,15,99.958709,45045.000000,,
BATTERY,15,99.957011,46897.000000,,
BATTERY,15,99.957011,46897.000000,,
BATTERY,15,99.955276,48790.000000,,
BATTERY,15,99.955276,48790.000000,,
BATTERY,15,99.953578,50642.000000,,
BATTERY,15,99.953578,50642.000000,,
BATTERY,15,99.951843,52535.000000,,
BATTERY,15,99.951843,52535.000000,,
BATTERY,15,99.950145,54387.000000,,
BATTERY,15,99.950145,54387.000000,,
BATTERY,15,99.948410,56280.000000,,
BATTERY,15,99.948410,56280.000000,,
BATTERY,15,99.946712,58132.000000,,
BATTERY,15,99.946712,58132.000000,,
BATTERY,15,99.944977,60025.000000,,
BATTERY,15,99.944977,60025.000000,,
BATTERY,15,99.943279,61877.000000,,
BATTERY,15,99.943279,61877.000000,,
BATTERY,15,99.943074,62101.000000,,
BATTERY,15,99.938926,63798.000000,,
BATTERY,15,99.936961,65942.000000,,
BATTERY,15,99.936961,65942.000000,,
BATTERY,15,99.935201,67862.000000,,
BATTERY,15,99.935201,67862.000000,,
BATTERY,15,99.510019,531696.000000,,
BATTERY,15,99.510019,531696.000000,,
BATTERY,15,99.508299,533573.000000,,
BATTERY,15,99.508299,533573.000000,,
BATTERY,15,99.506704,535313.000000,,
BATTERY,15,99.506704,535313.000000,,
BATTERY,15,99.505031,537138.000000,,
BATTERY,15,99.505031,537138.000000,,
BATTERY,15,99.503254,539076.000000,,
BATTERY,15,99.503254,539076.000000,,
BATTERY,15,99.503049,539300.000000,,
BATTERY,15,99.498901,540997.000000,,
BATTERY,15,99.497155,542901.000000,,
BATTERY,15,99.497155,542901.000000,,
BATTERY,15,99.495483,544726.000000,,
BATTERY,15,99.495483,544726.000000,,
BATTERY,15,99.493723,546646.000000,,
BATTERY,15,99.493723,546646.000000,,
BATTERY,15,99.492050,548471.000000,,
BATTERY,15,99.492050,548471.000000,,
BATTERY,15,99.490290,550391.000000,,
BATTERY,15,99.490290,550391.000000,,
BATTERY,15,99.488617,552216.000000,,
BATTERY,15,99.488617,552216.000000,,
BATTERY,15,99.486857,554136.000000,,
BATTERY,15,99.486857,554136.000000,,
BATTERY,15,99.485184,555961.000000,,
BATTERY,15,99.485184,555961.000000,,
BATTERY,15,99.483424,557881.000000,,
BATTERY,15,99.483424,557881.000000,,
BATTERY,15,99.481751,559706.000000,,
BATTERY,15,99.481751,559706.000000,,
BATTERY,15,99.479991,561626.000000,,
BATTERY,15,99.479991,561626.000000,,
BATTERY,15,99.478318,563451.000000,,
BATTERY,15,99.478318,563451.000000,,
BATTERY,15,99.476382,565563.000000,,
BATTERY,15,99.476382,565563.000000,,
BATTERY,15,99.474709,567388.000000,,
BATTERY,15,99.474709,567388.000000,,
BATTERY,15,99.472743,569533.000000,,
BATTERY,15,99.472743,569533.000000,,
BATTERY,15,99.076300,1002016.000000,,
BATTERY,15,99.076300,1002016.000000,,
BATTERY,15,99.048800,1032016.000000,,
BATTERY,15,99.048800,1032016.000000,,
BATTERY,15,98.590467,1532016.000000,,
BATTERY,15,98.590467,1532016.000000,,
BATTERY,15,98.588622,1534028.000000,,
BATTERY,15,98.588622,1534028.000000,,
BATTERY,15,98.586949,1535853.000000,,
BATTERY,15,98.586949,1535853.000000,,
BATTERY,15,98.585190,1537772.000000,,
BATTERY,15,98.585190,1537772.000000,,
BATTERY,15,98.583517,1539598.000000,,
BATTERY,15,98.583517,1539598.000000,,
BATTERY,15,98.581757,1541517.000000,,
BATTERY,15,98.581757,1541517.000000,,
BATTERY,15,98.580084,1543343.000000,,
BATTERY,15,98.580084,1543343.000000,,
BATTERY,15,98.578325,1545262.000000,,
BATTERY,15,98.578325,1545262.000000,,
BATTERY,15,98.578119,1545486.000000,,
BATTERY,15,98.573971,1547183.000000,,
BATTERY,15,98.572299,1549007.000000,,
BATTERY,15,98.572299,1549007.000000,,
BATTERY,15,98.570625,1550833.000000,,
BATTERY,15,98.570625,1550833.000000,,
BATTERY,15,98.568866,1552752.000000,,
BATTERY,15,98.568866,1552752.000000,,
BATTERY,15,98.567193,1554577.000000,,
BATTERY,15,98.567193,1554577.000000,,
BATTERY,15,98.565433,1556497.000000,,
BATTERY,15,98.565433,1556497.000000,,
BATTERY,15,98.563760,1558322.000000,,
BATTERY,15,98.563760,1558322.000000,,
BATTERY,15,98.561794,1560467.000000,,
BATTERY,15,98.561794,1560467.000000,,
BATTERY,15,98.560034,1562387.000000,,
BATTERY,15,98.560034,1562387.000000,,
BATTERY,15,98.557481,1565172.000000,,
BATTERY,15,98.557481,1565172.000000,,
BATTERY,15,98.545835,1577877.000000,,
BATTERY,15,98.545835,1577877.000000,,
BATTERY,15,97.670621,2532656.000000,,
BATTERY,15,97.670621,2532656.000000,,
BATTERY,15,97.668888,2534546.000000,,
BATTERY,15,97.668888,2534546.000000,,
BATTERY,15,97.667200,2536388.000000,,
BATTERY,15,97.667200,2536388.000000,,
BATTERY,15,97.665405,2538346.000000,,
BATTERY,15,97.665405,2538346.000000,,
BATTERY,15,97.665200,2538570.000000,,
BATTERY,15,97.661051,2540267.000000,,
BATTERY,15,97.659379,2542091.000000,,
BATTERY,15,97.659379,2542091.000000,,
BATTERY,15,97.657706,2543916.000000,,
BATTERY,15,97.657706,2543916.000000,,
BATTERY,15,97.655946,2545836.000000,,
BATTERY,15,97.655946,2545836.000000,,
BATTERY,15,97.654274,2547661.000000,,
BATTERY,15,97.654274,2547661.000000,,
BATTERY,15,97.652514,2549581.000000,,
BATTERY,15,97.652514,2549581.000000,,
BATTERY,15,97.650841,2551406.000000,,
BATTERY,15,97.650841,2551406.000000,,
BATTERY,15,97.649081,2553326.000000,,
BATTERY,15,97.649081,2553326.000000,,
BATTERY,15,97.647408,2555151.000000,,
BATTERY,15,97.647408,2555151.000000,,
BATTERY,15,97.645648,2557071.000000,,
BATTERY,15,97.645648,2557071.000000,,
BATTERY,15,97.643975,2558896.000000,,
BATTERY,15,97.643975,2558896.000000,,
BATTERY,15,97.642215,2560816.000000,,
BATTERY,15,97.642215,2560816.000000,,
BATTERY,15,97.640542,2562641.000000,,
BATTERY,15,97.640542,2562641.000000,,
BATTERY,15,97.638782,2564561.000000,,
BATTERY,15,97.638782,2564561.000000,,
BATTERY,15,97.637109,2566386.000000,,
BATTERY,15,97.637109,2566386.000000,,
BATTERY,15,97.634556,2569171.000000,,
BATTERY,15,97.634556,2569171.000000,,
BATTERY,15,97.632590,2571316.000000,,
BATTERY,15,97.632590,2571316.000000,,
BATTERY,15,97.237781,3002016.000000,,
BATTERY,15,97.237781,3002016.000000,,
BATTERY,15,97.209401,3032976.000000,,
BATTERY,15,97.209401,3032976.000000,,
BATTERY,15,97.206457,3036188.000000,,
BATTERY,15,97.206457,3036188.000000,,
BATTERY,15,97.204784,3038013.000000,,
BATTERY,15,97.204784,3038013.000000,,
BATTERY,15,97.204513,3038309.000000,,
BATTERY,15,97.200365,3040006.000000,,
BATTERY,15,97.198534,3042003.000000,,
BATTERY,15,97.198534,3042003.000000,,
BATTERY,15,97.196861,3043828.000000,,
BATTERY,15,97.196861,3043828.000000,,
BATTERY,15,97.195101,3045748.000000,,
BATTERY,15,97.195101,3045748.000000,,
BATTERY,15,97.193308,3047704.000000,,
BATTERY,15,97.193308,3047704.000000,,
BATTERY,15,97.191635,3049529.000000,,
BATTERY,15,97.191635,3049529.000000,,
BATTERY,15,97.189875,3051449.000000,,
BATTERY,15,97.189875,3051449.000000,,
BATTERY,15,97.188202,3053274.000000,,
BATTERY,15,97.188202,3053274.000000,,
BATTERY,15,97.186442,3055194.000000,,
BATTERY,15,97.186442,3055194.000000,,
BATTERY,15,97.184769,3057019.000000,,
BATTERY,15,97.184769,3057019.000000,,
BATTERY,15,97.183009,3058939.000000,,
BATTERY,15,97.183009,3058939.000000,,
BATTERY,15,97.181336,3060764.000000,,
BATTERY,15,97.181336,3060764.000000,,
BATTERY,15,97.179576,3062684.000000,,
BATTERY,15,97.179576,3062684.000000,,
BATTERY,15,97.177816,3064604.000000,,
BATTERY,15,97.177816,3064604.000000,,
BATTERY,15,97.176144,3066429.000000,,
BATTERY,15,97.176144,3066429.000000,,
BATTERY,15,97.174471,3068254.000000,,
BATTERY,15,97.174471,3068254.000000,,
BATTERY,15,97.172711,3070174.000000,,
BATTERY,15,97.172711,3070174.000000,,
BATTERY,15,97.171038,3071999.000000,,
BATTERY,15,97.171038,3071999.000000,,
BATTERY,15,97.168984,3074239.000000,,
BATTERY,15,97.168984,3074239.000000,,
BATTERY,15,97.165845,3077664.000000,,
BATTERY,15,97.165845,3077664.000000,,
BATTERY,15,96.749649,3531696.000000,,
BATTERY,15,96.749649,3531696.000000,,
BATTERY,15,96.747800,3533713.000000,,
BATTERY,15,96.747800,3533713.000000,,
BATTERY,15,96.745364,3536370.000000,,
BATTERY,15,96.745364,3536370.000000,,
BATTERY,15,96.742342,3539667.000000,,
BATTERY,15,96.742342,3539667.000000,,
BATTERY,15,95.831515,4533296.000000,,
BATTERY,15,95.831515,4533296.000000,,
BATTERY,15,95.829472,4535525.000000,,
BATTERY,15,95.829472,4535525.000000,,
BATTERY,15,95.827680,4537480.000000,,
BATTERY,15,95.827680,4537480.000000,,
BATTERY,15,95.826007,4539305.000000,,
BATTERY,15,95.826007,4539305.000000,,
BATTERY,15,95.824318,4541148.000000,,
BATTERY,15,95.824318,4541148.000000,,
BATTERY,15,95.822574,4543050.000000,,
BATTERY,15,95.822574,4543050.000000,,
BATTERY,15,95.822440,4543197.000000,,
BATTERY,15,95.818291,4544894.000000,,
BATTERY,15,95.816549,4546795.000000,,
BATTERY,15,95.816549,4546795.000000,,
BATTERY,15,95.814859,4548638.000000,,
BATTERY,15,95.814859,4548638.000000,,
BATTERY,15,95.813116,4550540.000000,,
BATTERY,15,95.813116,4550540.000000,,
BATTERY,15,95.811426,4552383.000000,,
BATTERY,15,95.811426,4552383.000000,,
BATTERY,15,95.809666,4554303.000000,,
BATTERY,15,95.809666,4554303.000000,,
BATTERY,15,95.808111,4556000.000000,,
BATTERY,15,95.808111,4556000.000000,,
BATTERY,15,95.806438,4557825.000000,,
BATTERY,15,95.806438,4557825.000000,,
BATTERY,15,95.804765,4559650.000000,,
BATTERY,15,95.804765,4559650.000000,,
BATTERY,15,95.803005,4561570.000000,,
BATTERY,15,95.803005,4561570.000000,,
BATTERY,15,95.801332,4563395.000000,,
BATTERY,15,95.801332,4563395.000000,,
BATTERY,15,95.799366,4565540.000000,,
BATTERY,15,95.799366,4565540.000000,,
BATTERY,15,95.797606,4567460.000000,,
BATTERY,15,95.797606,4567460.000000,,
BATTERY,15,95.795933,4569285.000000,,
BATTERY,15,95.795933,4569285.000000,,
BATTERY,15,93.995883,6532976.000000,,
BATTERY,15,93.995883,6532976.000000,,
BATTERY,15,93.993729,6535326.000000,,
BATTERY,15,93.993729,6535326.000000,,
BATTERY,15,93.992042,6537166.000000,,
BATTERY,15,93.992042,6537166.000000,,
BATTERY,15,93.990369,6538991.000000,,
BATTERY,15,93.990369,6538991.000000,,
BATTERY,15,93.988609,6540911.000000,,
BATTERY,15,93.988609,6540911.000000,,
BATTERY,15,93.986801,6542883.000000,,
BATTERY,15,93.986801,6542883.000000,,
BATTERY,15,93.985128,6544708.000000,,
BATTERY,15,93.985128,6544708.000000,,
BATTERY,15,93.984923,6544932.000000,,
BATTERY,15,93.980775,6546629.000000,,
BATTERY,15,93.979103,6548453.000000,,
BATTERY,15,93.979103,6548453.000000,,
BATTERY,15,93.977343,6550373.000000,,
BATTERY,15,93.977343,6550373.000000,,
BATTERY,15,93.975670,6552198.000000,,
BATTERY,15,93.975670,6552198.000000,,
BATTERY,15,93.973997,6554023.000000,,
BATTERY,15,93.973997,6554023.000000,,
BATTERY,15,93.971944,6556263.000000,,
BATTERY,15,93.971944,6556263.000000,,
BATTERY,15,93.970271,6558088.000000,,
BATTERY,15,93.970271,6558088.000000,,
BATTERY,15,93.968218,6560328.000000,,
BATTERY,15,93.968218,6560328.000000,,
BATTERY,15,93.966545,6562153.000000,,
BATTERY,15,93.966545,6562153.000000,,
BATTERY,15,93.964491,6564393.000000,,
BATTERY,15,93.964491,6564393.000000,,
BATTERY,15,93.962818,6566218.000000,,
BATTERY,15,93.962818,6566218.000000,,
BATTERY,15,93.959679,6569643.000000,,
BATTERY,15,93.959679,6569643.000000,,
BATTERY,15,93.957419,6572108.000000,,
BATTERY,15,93.957419,6572108.000000,,
BATTERY,15,93.077504,7532016.000000,,
BATTERY,15,93.077504,7532016.000000,,
BATTERY,15,93.075068,7534673.000000,,
BATTERY,15,93.075068,7534673.000000,,
BATTERY,15,93.072632,7537330.000000,,
BATTERY,15,93.072632,7537330.000000,,
BATTERY,15,93.069610,7540627.000000,,
BATTERY,15,93.069610,7540627.000000,,
BATTERY,15,92.159957,8532976.000000,,
BATTERY,15,92.159957,8532976.000000,,
BATTERY,15,92.157859,8535265.000000,,
BATTERY,15,92.157859,8535265.000000,,
BATTERY,15,92.156186,8537090.000000,,
BATTERY,15,92.156186,8537090.000000,,
BATTERY,15,92.155995,8537298.000000,,
BATTERY,15,92.151847,8538995.000000,,
BATTERY,15,92.150160,8540835.000000,,
BATTERY,15,92.150160,8540835.000000,,
BATTERY,15,92.148415,8542739.000000,,
BATTERY,15,92.148415,8542739.000000,,
BATTERY,15,92.146727,8544580.000000,,
BATTERY,15,92.146727,8544580.000000,,
BATTERY,15,92.144982,8546484.000000,,
BATTERY,15,92.144982,8546484.000000,,
BATTERY,15,92.143294,8548325.000000,,
BATTERY,15,92.143294,8548325.000000,,
BATTERY,15,92.141549,8550229.000000,,
BATTERY,15,92.141549,8550229.000000,,
BATTERY,15,92.139861,8552070.000000,,
BATTERY,15,92.139861,8552070.000000,,
BATTERY,15,92.138116,8553974.000000,,
BATTERY,15,92.138116,8553974.000000,,
BATTERY,15,92.136443,8555799.000000,,
BATTERY,15,92.136443,8555799.000000,,
BATTERY,15,92.134390,8558039.000000,,
BATTERY,15,92.134390,8558039.000000,,
BATTERY,15,92.132424,8560184.000000,,
BATTERY,15,92.132424,8560184.000000,,
BATTERY,15,92.130664,8562104.000000,,
BATTERY,15,92.130664,8562104.000000,,
BATTERY,15,92.128991,8563929.000000,,
BATTERY,15,92.128991,8563929.000000,,
BATTERY,15,92.126438,8566714.000000,,
BATTERY,15,92.126438,8566714.000000,,
BATTERY,15,92.123005,8570459.000000,,
BATTERY,15,92.123005,8570459.000000,,
BATTERY,15,90.323151,10533936.000000,,
BATTERY,15,90.323151,10533936.000000,,
BATTERY,15,90.321282,10535975.000000,,
BATTERY,15,90.321282,10535975.000000,,
BATTERY,15,90.320870,10536424.000000,,
BATTERY,15,90.316722,10538121.000000,,
BATTERY,15,90.315050,10539945.000000,,
BATTERY,15,90.315050,10539945.000000,,
BATTERY,15,90.313290,10541865.000000,,
BATTERY,15,90.313290,10541865.000000,,
BATTERY,15,90.311617,10543690.000000,,
BATTERY,15,90.311617,10543690.000000,,
BATTERY,15,90.309857,10545610.000000,,
BATTERY,15,90.309857,10545610.000000,,
BATTERY,15,90.308184,10547435.000000,,
BATTERY,15,90.308184,10547435.000000,,
BATTERY,15,90.306424,10549355.000000,,
BATTERY,15,90.306424,10549355.000000,,
BATTERY,15,90.304751,10551180.000000,,
BATTERY,15,90.304751,10551180.000000,,
BATTERY,15,90.302991,10553100.000000,,
BATTERY,15,90.302991,10553100.000000,,
BATTERY,15,90.301318,10554925.000000,,
BATTERY,15,90.301318,10554925.000000,,
BATTERY,15,90.299558,10556845.000000,,
BATTERY,15,90.299558,10556845.000000,,
BATTERY,15,90.297885,10558670.000000,,
BATTERY,15,90.297885,10558670.000000,,
BATTERY,15,90.296125,10560590.000000,,
BATTERY,15,90.296125,10560590.000000,,
BATTERY,15,90.294452,10562415.000000,,
BATTERY,15,90.294452,10562415.000000,,
BATTERY,15,90.292780,10564240.000000,,
BATTERY,15,90.292780,10564240.000000,,
BATTERY,15,90.291107,10566065.000000,,
BATTERY,15,90.291107,10566065.000000,,
BATTERY,15,90.289347,10567985.000000,,
BATTERY,15,90.289347,10567985.000000,,
BATTERY,15,90.287674,10569810.000000,,
BATTERY,15,90.287674,10569810.000000,,
BATTERY,15,90.285914,10571730.000000,,
BATTERY,15,90.285914,10571730.000000,,
BATTERY,15,90.283947,10573875.000000,,
BATTERY,15,90.283947,10573875.000000,,
BATTERY,15,90.281395,10576660.000000,,
BATTERY,15,90.281395,10576660.000000,,
BATTERY,15,85.738985,15532016.000000,,
BATTERY,15,85.738985,15532016.000000,,
BATTERY,15,85.737429,15533713.000000,,
BATTERY,15,85.737429,15533713.000000,,
BATTERY,15,85.735376,15535953.000000,,
BATTERY,15,85.735376,15535953.000000,,
BATTERY,15,85.733527,15537970.000000,,
BATTERY,15,85.733527,15537970.000000,,
BATTERY,15,84.822612,16531696.000000,,
BATTERY,15,84.822612,16531696.000000,,
BATTERY,15,84.812390,16542847.000000,,
BATTERY,15,84.812390,16542847.000000,,
BATTERY,15,82.988692,18532336.000000,,
BATTERY,15,82.988692,18532336.000000,,
BATTERY,15,82.986631,18534584.000000,,
BATTERY,15,82.986631,18534584.000000,,
BATTERY,15,82.984815,18536565.000000,,
BATTERY,15,82.984815,18536565.000000,,
BATTERY,15,82.983062,18538477.000000,,
BATTERY,15,82.983062,18538477.000000,,
BATTERY,15,82.981389,18540302.000000,,
BATTERY,15,82.981389,18540302.000000,,
BATTERY,15,82.981184,18540526.000000,,
BATTERY,15,82.977036,18542223.000000,,
BATTERY,15,82.975302,18544115.000000,,
BATTERY,15,82.975302,18544115.000000,,
BATTERY,15,82.973604,18545967.000000,,
BATTERY,15,82.973604,18545967.000000,,
BATTERY,15,82.971869,18547860.000000,,
BATTERY,15,82.971869,18547860.000000,,
BATTERY,15,82.970171,18549712.000000,,
BATTERY,15,82.970171,18549712.000000,,
BATTERY,15,82.968436,18551605.000000,,
BATTERY,15,82.968436,18551605.000000,,
BATTERY,15,82.966738,18553457.000000,,
BATTERY,15,82.966738,18553457.000000,,
BATTERY,15,82.965003,18555350.000000,,
BATTERY,15,82.965003,18555350.000000,,
BATTERY,15,82.963243,18557270.000000,,
BATTERY,15,82.963243,18557270.000000,,
BATTERY,15,82.961570,18559095.000000,,
BATTERY,15,82.961570,18559095.000000,,
BATTERY,15,82.959604,18561240.000000,,
BATTERY,15,82.959604,18561240.000000,,
BATTERY,15,82.957257,18563800.000000,,
BATTERY,15,82.957257,18563800.000000,,
BATTERY,15,82.954411,18566905.000000,,
BATTERY,15,82.954411,18566905.000000,,
BATTERY,15,76.570019,25531696.000000,,
BATTERY,15,76.570019,25531696.000000,,
BATTERY,15,76.568170,25533713.000000,,
BATTERY,15,76.568170,25533713.000000,,
BATTERY,15,76.565148,25537010.000000,,
BATTERY,15,76.565148,25537010.000000,,
BATTERY,15,76.563299,25539027.000000,,
BATTERY,15,76.563299,25539027.000000,,
BATTERY,15,75.652766,26532336.000000,,
BATTERY,15,75.652766,26532336.000000,,
BATTERY,15,75.644901,26540916.000000,,
BATTERY,15,75.644901,26540916.000000,,
BATTERY,15,73.819432,28532336.000000,,
BATTERY,15,73.819432,28532336.000000,,
BATTERY,15,73.817392,28534562.000000,,
BATTERY,15,73.817392,28534562.000000,,
BATTERY,15,73.815719,28536387.000000,,
BATTERY,15,73.815719,28536387.000000,,
BATTERY,15,73.813970,28538295.000000,,
BATTERY,15,73.813970,28538295.000000,,
BATTERY,15,73.812286,28540132.000000,,
BATTERY,15,73.812286,28540132.000000,,
BATTERY,15,73.810537,28542040.000000,,
BATTERY,15,73.810537,28542040.000000,,
BATTERY,15,73.808853,28543877.000000,,
BATTERY,15,73.808853,28543877.000000,,
BATTERY,15,73.807104,28545785.000000,,
BATTERY,15,73.807104,28545785.000000,,
BATTERY,15,73.805420,28547622.000000,,
BATTERY,15,73.805420,28547622.000000,,
BATTERY,15,73.803671,28549530.000000,,
BATTERY,15,73.803671,28549530.000000,,
BATTERY,15,73.801987,28551367.000000,,
BATTERY,15,73.801987,28551367.000000,,
BATTERY,15,73.801793,28551579.000000,,
BATTERY,15,73.797645,28553276.000000,,
BATTERY,15,73.795962,28555112.000000,,
BATTERY,15,73.795962,28555112.000000,,
BATTERY,15,73.794289,28556937.000000,,
BATTERY,15,73.794289,28556937.000000,,
BATTERY,15,73.792529,28558857.000000,,
BATTERY,15,73.792529,28558857.000000,,
BATTERY,15,73.790562,28561002.000000,,
BATTERY,15,73.790562,28561002.000000,,
BATTERY,15,73.788890,28562827.000000,,
BATTERY,15,73.788890,28562827.000000,,
BATTERY,15,73.785663,28566347.000000,,
BATTERY,15,73.785663,28566347.000000,,
BATTERY,15,73.782817,28569452.000000,,
BATTERY,15,73.782817,28569452.000000,,
BATTERY,15,67.400466,35532016.000000,,
BATTERY,15,67.400466,35532016.000000,,
BATTERY,15,67.397151,35535633.000000,,
BATTERY,15,67.397151,35535633.000000,,
BATTERY,15,67.394422,35538610.000000,,
BATTERY,15,67.394422,35538610.000000,,
BATTERY,15,67.391693,35541587.000000,,
BATTERY,15,67.391693,35541587.000000,,
BATTERY,15,66.484093,36531696.000000,,
BATTERY,15,66.484093,36531696.000000,,
BATTERY,15,66.480246,36535893.000000,,
BATTERY,15,66.480246,36535893.000000,,
BATTERY,15,64.650760,38531696.000000,,
BATTERY,15,64.650760,38531696.000000,,
BATTERY,15,64.647673,38535063.000000,,
BATTERY,15,64.647673,38535063.000000,,
BATTERY,15,64.645982,38536908.000000,,
BATTERY,15,64.645982,38536908.000000,,
BATTERY,15,64.644252,38538795.000000,,
BATTERY,15,64.644252,38538795.000000,,
BATTERY,15,64.642549,38540653.000000,,
BATTERY,15,64.642549,38540653.000000,,
BATTERY,15,64.640773,38542591.000000,,
BATTERY,15,64.640773,38542591.000000,,
BATTERY,15,64.639100,38544416.000000,,
BATTERY,15,64.639100,38544416.000000,,
BATTERY,15,64.637340,38546336.000000,,
BATTERY,15,64.637340,38546336.000000,,
BATTERY,15,64.635667,38548161.000000,,
BATTERY,15,64.635667,38548161.000000,,
BATTERY,15,64.633907,38550081.000000,,
BATTERY,15,64.633907,38550081.000000,,
BATTERY,15,64.632234,38551906.000000,,
BATTERY,15,64.632234,38551906.000000,,
BATTERY,15,64.630474,38553826.000000,,
BATTERY,15,64.630474,38553826.000000,,
BATTERY,15,64.628801,38555651.000000,,
BATTERY,15,64.628801,38555651.000000,,
BATTERY,15,64.628596,38555875.000000,,
BATTERY,15,64.624447,38557572.000000,,
BATTERY,15,64.622775,38559396.000000,,
BATTERY,15,64.622775,38559396.000000,,
BATTERY,15,64.620722,38561636.000000,,
BATTERY,15,64.620722,38561636.000000,,
BATTERY,15,64.618962,38563556.000000,,
BATTERY,15,64.618962,38563556.000000,,
BATTERY,15,64.616702,38566021.000000,,
BATTERY,15,64.616702,38566021.000000,,
BATTERY,15,64.614736,38568166.000000,,
BATTERY,15,64.614736,38568166.000000,,
BATTERY,15,64.613063,38569991.000000,,
BATTERY,15,64.613063,38569991.000000,,
BATTERY,15,64.611303,38571911.000000,,
BATTERY,15,64.611303,38571911.000000,,
BATTERY,15,64.607870,38575656.000000,,
BATTERY,15,64.607870,38575656.000000,,
BATTERY,15,58.231500,45531696.000000,,
BATTERY,15,58.231500,45531696.000000,,
BATTERY,15,58.229740,45533616.000000,,
BATTERY,15,58.229740,45533616.000000,,
BATTERY,15,57.313367,46533296.000000,,
BATTERY,15,57.313367,46533296.000000,,
BATTERY,15,57.302785,46544840.000000,,
BATTERY,15,57.302785,46544840.000000,,
BATTERY,15,55.480914,48532336.000000,,
BATTERY,15,55.480914,48532336.000000,,
BATTERY,15,55.478979,48534447.000000,,
BATTERY,15,55.478979,48534447.000000,,
BATTERY,15,55.477306,48536272.000000,,
BATTERY,15,55.477306,48536272.000000,,
BATTERY,15,55.475633,48538097.000000,,
BATTERY,15,55.475633,48538097.000000,,
BATTERY,15,55.473873,48540017.000000,,
BATTERY,15,55.473873,48540017.000000,,
BATTERY,15,55.472200,48541842.000000,,
BATTERY,15,55.472200,48541842.000000,,
BATTERY,15,55.471917,48542151.000000,,
BATTERY,15,55.467768,48543848.000000,,
BATTERY,15,55.466096,48545672.000000,,
BATTERY,15,55.466096,48545672.000000,,
BATTERY,15,55.464336,48547592.000000,,
BATTERY,15,55.464336,48547592.000000,,
BATTERY,15,55.462663,48549417.000000,,
BATTERY,15,55.462663,48549417.000000,,
BATTERY,15,55.460903,48551337.000000,,
BATTERY,15,55.460903,48551337.000000,,
BATTERY,15,55.459143,48553257.000000,,
BATTERY,15,55.459143,48553257.000000,,
BATTERY,15,55.457471,48555082.000000,,
BATTERY,15,55.457471,48555082.000000,,
BATTERY,15,55.455798,48556907.000000,,
BATTERY,15,55.455798,48556907.000000,,
BATTERY,15,55.453744,48559147.000000,,
BATTERY,15,55.453744,48559147.000000,,
BATTERY,15,55.452071,48560972.000000,,
BATTERY,15,55.452071,48560972.000000,,
BATTERY,15,55.450018,48563212.000000,,
BATTERY,15,55.450018,48563212.000000,,
BATTERY,15,55.447758,48565677.000000,,
BATTERY,15,55.447758,48565677.000000,,
BATTERY,15,55.445206,48568462.000000,,
BATTERY,15,55.445206,48568462.000000,,
BATTERY,15,55.442653,48571247.000000,,
BATTERY,15,55.442653,48571247.000000,,
BATTERY,15,55.440686,48573392.000000,,
BATTERY,15,55.440686,48573392.000000,,
BATTERY,15,49.062241,55531696.000000,,
BATTERY,15,49.062241,55531696.000000,,
BATTERY,15,49.060392,55533713.000000,,
BATTERY,15,49.060392,55533713.000000,,
BATTERY,15,49.057957,55536370.000000,,
BATTERY,15,49.057957,55536370.000000,,
BATTERY,15,48.145574,56531696.000000,,
BATTERY,15,48.145574,56531696.000000,,
BATTERY,15,48.135256,56542952.000000,,
BATTERY,15,48.135256,56542952.000000,,
BATTERY,15,46.310481,58533616.000000,,
BATTERY,15,46.310481,58533616.000000,,
BATTERY,15,46.308730,58535526.000000,,
BATTERY,15,46.308730,58535526.000000,,
BATTERY,15,46.306984,58537431.000000,,
BATTERY,15,46.306984,58537431.000000,,
BATTERY,15,46.305311,58539256.000000,,
BATTERY,15,46.305311,58539256.000000,,
BATTERY,15,46.303624,58541096.000000,,
BATTERY,15,46.303624,58541096.000000,,
BATTERY,15,46.301849,58543033.000000,,
BATTERY,15,46.301849,58543033.000000,,
BATTERY,15,46.300136,58544901.000000,,
BATTERY,15,46.300136,58544901.000000,,
BATTERY,15,46.298416,58546778.000000,,
BATTERY,15,46.298416,58546778.000000,,
BATTERY,15,46.298227,58546984.000000,,
BATTERY,15,46.294079,58548681.000000,,
BATTERY,15,46.292390,58550523.000000,,
BATTERY,15,46.292390,58550523.000000,,
BATTERY,15,46.290647,58552425.000000,,
BATTERY,15,46.290647,58552425.000000,,
BATTERY,15,46.288957,58554268.000000,,
BATTERY,15,46.288957,58554268.000000,,
BATTERY,15,46.287214,58556170.000000,,
BATTERY,15,46.287214,58556170.000000,,
BATTERY,15,46.285524,58558013.000000,,
BATTERY,15,46.285524,58558013.000000,,
BATTERY,15,46.283488,58560235.000000,,
BATTERY,15,46.283488,58560235.000000,,
BATTERY,15,46.281728,58562155.000000,,
BATTERY,15,46.281728,58562155.000000,,
BATTERY,15,46.280055,58563980.000000,,
BATTERY,15,46.280055,58563980.000000,,
BATTERY,15,46.277779,58566463.000000,,
BATTERY,15,46.277779,58566463.000000,,
BATTERY,15,46.275812,58568608.000000,,
BATTERY,15,46.275812,58568608.000000,,
BATTERY,15,46.273846,58570753.000000,,
BATTERY,15,46.273846,58570753.000000,,
BATTERY,15,39.892102,65532656.000000,,
BATTERY,15,39.892102,65532656.000000,,
BATTERY,15,39.889959,65534993.000000,,
BATTERY,15,39.889959,65534993.000000,,
BATTERY,15,39.886644,65538610.000000,,
BATTERY,15,39.886644,65538610.000000,,
BATTERY,15,38.974262,66533936.000000,,
BATTERY,15,38.974262,66533936.000000,,
BATTERY,15,38.968064,66540697.000000,,
BATTERY,15,38.968064,66540697.000000,,
BATTERY,15,37.142982,68531696.000000,,
BATTERY,15,37.142982,68531696.000000,,
BATTERY,15,37.140912,68533954.000000,,
BATTERY,15,37.140912,68533954.000000,,
BATTERY,15,37.139181,68535842.000000,,
BATTERY,15,37.139181,68535842.000000,,
BATTERY,15,37.137508,68537667.000000,,
BATTERY,15,37.137508,68537667.000000,,
BATTERY,15,37.135748,68539587.000000,,
BATTERY,15,37.135748,68539587.000000,,
BATTERY,15,37.134075,68541412.000000,,
BATTERY,15,37.134075,68541412.000000,,
BATTERY,15,37.132315,68543332.000000,,
BATTERY,15,37.132315,68543332.000000,,
BATTERY,15,37.130502,68545310.000000,,
BATTERY,15,37.130502,68545310.000000,,
BATTERY,15,37.128829,68547135.000000,,
BATTERY,15,37.128829,68547135.000000,,
BATTERY,15,37.127069,68549055.000000,,
BATTERY,15,37.127069,68549055.000000,,
BATTERY,15,37.125396,68550880.000000,,
BATTERY,15,37.125396,68550880.000000,,
BATTERY,15,37.123343,68553120.000000,,
BATTERY,15,37.123343,68553120.000000,,
BATTERY,15,37.121670,68554945.000000,,
BATTERY,15,37.121670,68554945.000000,,
BATTERY,15,37.119910,68556865.000000,,
BATTERY,15,37.119910,68556865.000000,,
BATTERY,15,37.118237,68558690.000000,,
BATTERY,15,37.118237,68558690.000000,,
BATTERY,15,37.116564,68560515.000000,,
BATTERY,15,37.116564,68560515.000000,,
BATTERY,15,37.114804,68562435.000000,,
BATTERY,15,37.114804,68562435.000000,,
BATTERY,15,37.114599,68562659.000000,,
BATTERY,15,37.110451,68564356.000000,,
BATTERY,15,37.108779,68566180.000000,,
BATTERY,15,37.108779,68566180.000000,,
BATTERY,15,37.107019,68568100.000000,,
BATTERY,15,37.107019,68568100.000000,,
BATTERY,15,30.723722,75531696.000000,,
BATTERY,15,30.723722,75531696.000000,,
BATTERY,15,30.721962,75533616.000000,,
BATTERY,15,30.721962,75533616.000000,,
BATTERY,15,30.720114,75535633.000000,,
BATTERY,15,30.720114,75535633.000000,,
BATTERY,15,29.806176,76532656.000000,,
BATTERY,15,29.806176,76532656.000000,,
BATTERY,15,29.796111,76543636.000000,,
BATTERY,15,29.796111,76543636.000000,,
BATTERY,15,27.973136,78532336.000000,,
BATTERY,15,27.973136,78532336.000000,,
BATTERY,15,27.970999,78534667.000000,,
BATTERY,15,27.970999,78534667.000000,,
BATTERY,15,27.969033,78536812.000000,,
BATTERY,15,27.969033,78536812.000000,,
BATTERY,15,27.967291,78538712.000000,,
BATTERY,15,27.967291,78538712.000000,,
BATTERY,15,27.967074,78538949.000000,,
BATTERY,15,27.962926,78540646.000000,,
BATTERY,15,27.961254,78542470.000000,,
BATTERY,15,27.961254,78542470.000000,,
BATTERY,15,27.959494,78544390.000000,,
BATTERY,15,27.959494,78544390.000000,,
BATTERY,15,27.957821,78546215.000000,,
BATTERY,15,27.957821,78546215.000000,,
BATTERY,15,27.956061,78548135.000000,,
BATTERY,15,27.956061,78548135.000000,,
BATTERY,15,27.954388,78549960.000000,,
BATTERY,15,27.954388,78549960.000000,,
BATTERY,15,27.952628,78551880.000000,,
BATTERY,15,27.952628,78551880.000000,,
BATTERY,15,27.950955,78553705.000000,,
BATTERY,15,27.950955,78553705.000000,,
BATTERY,15,27.949195,78555625.000000,,
BATTERY,15,27.949195,78555625.000000,,
BATTERY,15,27.947522,78557450.000000,,
BATTERY,15,27.947522,78557450.000000,,
BATTERY,15,27.945762,78559370.000000,,
BATTERY,15,27.945762,78559370.000000,,
BATTERY,15,27.944002,78561290.000000,,
BATTERY,15,27.944002,78561290.000000,,
BATTERY,15,27.940569,78565035.000000,,
BATTERY,15,27.940569,78565035.000000,,
BATTERY,15,21.554170,85532016.000000,,
BATTERY,15,21.554170,85532016.000000,,
BATTERY,15,21.552614,85533713.000000,,
BATTERY,15,21.552614,85533713.000000,,
BATTERY,15,21.550561,85535953.000000,,
BATTERY,15,21.550561,85535953.000000,,
BATTERY,15,20.637210,86532336.000000,,
BATTERY,15,20.637210,86532336.000000,,
BATTERY,15,20.629948,86540258.000000,,
BATTERY,15,20.629948,86540258.000000,,
BATTERY,15,18.802410,88533936.000000,,
BATTERY,15,18.802410,88533936.000000,,
BATTERY,15,18.799599,88537002.000000,,
BATTERY,15,18.799599,88537002.000000,,
BATTERY,15,18.797872,88538886.000000,,
BATTERY,15,18.797872,88538886.000000,,
BATTERY,15,18.796199,88540711.000000,,
BATTERY,15,18.796199,88540711.000000,,
BATTERY,15,18.794526,88542536.000000,,
BATTERY,15,18.794526,88542536.000000,,
BATTERY,15,18.792766,88544456.000000,,
BATTERY,15,18.792766,88544456.000000,,
BATTERY,15,18.791094,88546281.000000,,
BATTERY,15,18.791094,88546281.000000,,
BATTERY,15,18.789334,88548201.000000,,
BATTERY,15,18.789334,88548201.000000,,
BATTERY,15,18.787661,88550026.000000,,
BATTERY,15,18.787661,88550026.000000,,
BATTERY,15,18.785901,88551946.000000,,
BATTERY,15,18.785901,88551946.000000,,
BATTERY,15,18.784228,88553771.000000,,
BATTERY,15,18.784228,88553771.000000,,
BATTERY,15,18.782468,88555691.000000,,
BATTERY,15,18.782468,88555691.000000,,
BATTERY,15,18.780795,88557516.000000,,
BATTERY,15,18.780795,88557516.000000,,
BATTERY,15,18.779035,88559436.000000,,
BATTERY,15,18.779035,88559436.000000,,
BATTERY,15,18.777362,88561261.000000,,
BATTERY,15,18.777362,88561261.000000,,
BATTERY,15,18.775689,88563086.000000,,
BATTERY,15,18.775689,88563086.000000,,
BATTERY,15,18.773636,88565326.000000,,
BATTERY,15,18.773636,88565326.000000,,
BATTERY,15,18.772637,88566415.000000,,
BATTERY,15,18.768489,88568112.000000,,
BATTERY,15,18.765057,88571856.000000,,
BATTERY,15,18.765057,88571856.000000,,
BATTERY,15,12.385204,95531696.000000,,
BATTERY,15,12.385204,95531696.000000,,
BATTERY,15,12.383648,95533393.000000,,
BATTERY,15,12.383648,95533393.000000,,
BATTERY,15,12.381213,95536050.000000,,
BATTERY,15,12.381213,95536050.000000,,
BATTERY,15,12.378190,95539347.000000,,
BATTERY,15,12.378190,95539347.000000,,
BATTERY,15,11.467950,96532336.000000,,
BATTERY,15,11.467950,96532336.000000,,
BATTERY,15,11.458029,96543159.000000,,
BATTERY,15,11.458029,96543159.000000,,
BATTERY,15,9.634617,98532336.000000,,
BATTERY,15,9.634617,98532336.000000,,
BATTERY,15,9.632215,98534957.000000,,
BATTERY,15,9.632215,98534957.000000,,
BATTERY,15,9.631731,98535485.000000,,
BATTERY,15,9.627582,98537182.000000,,
BATTERY,15,9.625910,98539006.000000,,
BATTERY,15,9.625910,98539006.000000,,
BATTERY,15,9.624215,98540856.000000,,
BATTERY,15,9.624215,98540856.000000,,
BATTERY,15,9.622477,98542751.000000,,
BATTERY,15,9.622477,98542751.000000,,
BATTERY,15,9.620694,98544697.000000,,
BATTERY,15,9.620694,98544697.000000,,
BATTERY,15,9.619021,98546522.000000,,
BATTERY,15,9.619021,98546522.000000,,
BATTERY,15,9.617261,98548442.000000,,
BATTERY,15,9.617261,98548442.000000,,
BATTERY,15,9.615588,98550267.000000,,
BATTERY,15,9.615588,98550267.000000,,
BATTERY,15,9.613828,98552187.000000,,
BATTERY,15,9.613828,98552187.000000,,
BATTERY,15,9.612155,98554012.000000,,
BATTERY,15,9.612155,98554012.000000,,
BATTERY,15,9.610395,98555932.000000,,
BATTERY,15,9.610395,98555932.000000,,
BATTERY,15,9.608342,98558172.000000,,
BATTERY,15,9.608342,98558172.000000,,
BATTERY,15,9.606669,98559997.000000,,
BATTERY,15,9.606669,98559997.000000,,
BATTERY,15,9.604996,98561822.000000,,
BATTERY,15,9.604996,98561822.000000,,
BATTERY,15,9.601563,98565567.000000,,
BATTERY,15,9.601563,98565567.000000,,
BATTERY,15,3.215945,105531696.000000,,
BATTERY,15,3.215945,105531696.000000,,
BATTERY,15,3.213216,105534673.000000,,
BATTERY,15,3.213216,105534673.000000,,
BATTERY,15,3.211073,105537010.000000,,
BATTERY,15,3.211073,105537010.000000,,
BATTERY,15,2.299278,106531696.000000,,
BATTERY,15,2.299278,106531696.000000,,
BATTERY,15,2.289836,106541996.000000,,
BATTERY,15,2.289836,106541996.000000,,
BATTERY,15,0.464478,108533296.000000,,
BATTERY,15,0.464478,108533296.000000,,
BATTERY,15,0.462290,108535683.000000,,
BATTERY,15,0.462290,108535683.000000,,
BATTERY,15,0.460030,108538148.000000,,
BATTERY,15,0.460030,108538148.000000,,
BATTERY,15,0.459912,108538277.000000,,
BATTERY,15,0.455764,108539974.000000,,
BATTERY,15,0.454092,108541798.000000,,
BATTERY,15,0.454092,108541798.000000,,
BATTERY,15,0.452332,108543718.000000,,
BATTERY,15,0.452332,108543718.000000,,
BATTERY,15,0.450659,108545543.000000,,
BATTERY,15,0.450659,108545543.000000,,
BATTERY,15,0.448899,108547463.000000,,
BATTERY,15,0.448899,108547463.000000,,
BATTERY,15,0.447226,108549288.000000,,
BATTERY,15,0.447226,108549288.000000,,
BATTERY,15,0.445466,108551208.000000,,
BATTERY,15,0.445466,108551208.000000,,
BATTERY,15,0.443793,108553033.000000,,
BATTERY,15,0.443793,108553033.000000,,
BATTERY,15,0.442033,108554953.000000,,
BATTERY,15,0.442033,108554953.000000,,
BATTERY,15,0.440273,108556873.000000,,
BATTERY,15,0.440273,108556873.000000,,
BATTERY,15,0.438600,108558698.000000,,
BATTERY,15,0.438600,108558698.000000,,
BATTERY,15,0.436927,108560523.000000,,
BATTERY,15,0.436927,108560523.000000,,
BATTERY,15,0.434580,108563083.000000,,
BATTERY,15,0.434580,108563083.000000,,
BATTERY,15,0.431148,108566828.000000,,
BATTERY,15,0.431148,108566828.000000,,
BATTERY,15,0.000000,116000960.000000,,
BATTERY,15,0.000000,499530000.000000,,
