BATTERY,50,99.998522,2016.000000,,
BATTERY,50,99.998522,2016.000000,,
BATTERY,50,99.998427,2145.000000,,
BATTERY,50,99.995359,3714.000000,,
BATTERY,50,99.993880,5730.000000,,
BATTERY,50,99.993880,5730.000000,,
BATTERY,50,99.992636,7427.000000,,
BATTERY,50,99.992636,7427.000000,,
BATTERY,50,99.989749,11364.000000,,
BATTERY,50,99.989749,11364.000000,,
BATTERY,50,99.975754,30448.000000,,
BATTERY,50,99.972686,32017.000000,,
BATTERY,50,99.971442,33713.000000,,
BATTERY,50,99.971442,33713.000000,,
BATTERY,50,99.970197,35410.000000,,
BATTERY,50,99.970197,35410.000000,,
BATTERY,50,99.968624,37555.000000,,
BATTERY,50,99.968624,37555.000000,,
BATTERY,50,99.967286,39380.000000,,
BATTERY,50,99.967286,39380.000000,,
BATTERY,50,99.965878,41300.000000,,
BATTERY,50,99.965878,41300.000000,,
BATTERY,50,99.964520,43152.000000,,
BATTERY,50,99.964520,43152.000000,,
BATTERY,50,99.963132,45045.000000,,
BATTERY,50,99.963132,45045.000000,,
BATTERY,50,99.961774,46897.000000,,
BATTERY,50,99.961774,46897.000000,,
BATTERY,50,99.960385,48790.000000,,
BATTERY,50,99.960385,48790.000000,,
BATTERY,50,99.959027,50642.000000,,
BATTERY,50,99.959027,50642.000000,,
BATTERY,50,99.957639,52535.000000,,
BATTERY,50,99.957639,52535.000000,,
BATTERY,50,99.956281,54387.000000,,
BATTERY,50,99.956281,54387.000000,,
BATTERY,50,99.954893,56280.000000,,
BATTERY,50,99.954893,56280.000000,,
BATTERY,50,99.953535,58132.000000,,
BATTERY,50,99.953535,58132.000000,,
BATTERY,50,99.952146,60025.000000,,
BATTERY,50,99.952146,60025.000000,,
BATTERY,50,99.950788,61877.000000,,
BATTERY,50,99.950788,61877.000000,,
BATTERY,50,99.949380,63797.000000,,
BATTERY,50,99.949380,63797.000000,,
BATTERY,50,99.947807,65942.000000,,
BATTERY,50,99.947807,65942.000000,,
BATTERY,50,99.946399,67862.000000,,
BATTERY,50,99.946399,67862.000000,,
BATTERY,50,99.606254,531696.000000,,
BATTERY,50,99.606254,531696.000000,,
BATTERY,50,99.605996,532048.000000,,
BATTERY,50,99.602928,533617.000000,,
BATTERY,50,99.601684,535313.000000,,
BATTERY,50,99.601684,535313.000000,,
BATTERY,50,99.600346,537138.000000,,
BATTERY,50,99.600346,537138.000000,,
BATTERY,50,99.598925,539076.000000,,
BATTERY,50,99.598925,539076.000000,,
BATTERY,50,99.597586,540901.000000,,
BATTERY,50,99.597586,540901.000000,,
BATTERY,50,99.596120,542901.000000,,
BATTERY,50,99.596120,542901.000000,,
BATTERY,50,99.594781,544726.000000,,
BATTERY,50,99.594781,544726.000000,,
BATTERY,50,99.593373,546646.000000,,
BATTERY,50,99.593373,546646.000000,,
BATTERY,50,99.592035,548471.000000,,
BATTERY,50,99.592035,548471.000000,,
BATTERY,50,99.590627,550391.000000,,
BATTERY,50,99.590627,550391.000000,,
BATTERY,50,99.589289,552216.000000,,
BATTERY,50,99.589289,552216.000000,,
BATTERY,50,99.587881,554136.000000,,
BATTERY,50,99.587881,554136.000000,,
BATTERY,50,99.586542,555961.000000,,
BATTERY,50,99.586542,555961.000000,,
BATTERY,50,99.585134,557881.000000,,
BATTERY,50,99.585134,557881.000000,,
BATTERY,50,99.583796,559706.000000,,
BATTERY,50,99.583796,559706.000000,,
BATTERY,50,99.582388,561626.000000,,
BATTERY,50,99.582388,561626.000000,,
BATTERY,50,99.581050,563451.000000,,
BATTERY,50,99.581050,563451.000000,,
BATTERY,50,99.579501,565563.000000,,
BATTERY,50,99.579501,565563.000000,,
BATTERY,50,99.578162,567388.000000,,
BATTERY,50,99.578162,567388.000000,,
BATTERY,50,99.576589,569533.000000,,
BATTERY,50,99.576589,569533.000000,,
BATTERY,50,99.259435,1002016.000000,,
BATTERY,50,99.259435,1002016.000000,,
BATTERY,50,99.237435,1032016.000000,,
BATTERY,50,99.237435,1032016.000000,,
BATTERY,50,98.870769,1532016.000000,,
BATTERY,50,98.870769,1532016.000000,,
BATTERY,50,98.869293,1534028.000000,,
BATTERY,50,98.869293,1534028.000000,,
BATTERY,50,98.867955,1535853.000000,,
BATTERY,50,98.867955,1535853.000000,,
BATTERY,50,98.866548,1537772.000000,,
BATTERY,50,98.866548,1537772.000000,,
BATTERY,50,98.866452,1537902.000000,,
BATTERY,50,98.863384,1539471.000000,,
BATTERY,50,98.861884,1541517.000000,,
BATTERY,50,98.861884,1541517.000000,,
BATTERY,50,98.860544,1543343.000000,,
BATTERY,50,98.860544,1543343.000000,,
BATTERY,50,98.859137,1545262.000000,,
BATTERY,50,98.859137,1545262.000000,,
BATTERY,50,98.857798,1547088.000000,,
BATTERY,50,98.857798,1547088.000000,,
BATTERY,50,98.856391,1549007.000000,,
BATTERY,50,98.856391,1549007.000000,,
BATTERY,50,98.855052,1550833.000000,,
BATTERY,50,98.855052,1550833.000000,,
BATTERY,50,98.853645,1552752.000000,,
BATTERY,50,98.853645,1552752.000000,,
BATTERY,50,98.852306,1554577.000000,,
BATTERY,50,98.852306,1554577.000000,,
BATTERY,50,98.850898,1556497.000000,,
BATTERY,50,98.850898,1556497.000000,,
BATTERY,50,98.849560,1558322.000000,,
BATTERY,50,98.849560,1558322.000000,,
BATTERY,50,98.847987,1560467.000000,,
BATTERY,50,98.847987,1560467.000000,,
BATTERY,50,98.846579,1562387.000000,,
BATTERY,50,98.846579,1562387.000000,,
BATTERY,50,98.844537,1565172.000000,,
BATTERY,50,98.844537,1565172.000000,,
BATTERY,50,98.835220,1577877.000000,,
BATTERY,50,98.835220,1577877.000000,,
BATTERY,50,98.135048,2532656.000000,,
BATTERY,50,98.135048,2532656.000000,,
BATTERY,50,98.133662,2534546.000000,,
BATTERY,50,98.133662,2534546.000000,,
BATTERY,50,98.132311,2536388.000000,,
BATTERY,50,98.132311,2536388.000000,,
BATTERY,50,98.130876,2538346.000000,,
BATTERY,50,98.130876,2538346.000000,,
BATTERY,50,98.129537,2540171.000000,,
BATTERY,50,98.129537,2540171.000000,,
BATTERY,50,98.128129,2542091.000000,,
BATTERY,50,98.128129,2542091.000000,,
BATTERY,50,98.126791,2543916.000000,,
BATTERY,50,98.126791,2543916.000000,,
BATTERY,50,98.125383,2545836.000000,,
BATTERY,50,98.125383,2545836.000000,,
BATTERY,50,98.124045,2547661.000000,,
BATTERY,50,98.124045,2547661.000000,,
BATTERY,50,98.122637,2549581.000000,,
BATTERY,50,98.122637,2549581.000000,,
BATTERY,50,98.121298,2551406.000000,,
BATTERY,50,98.121298,2551406.000000,,
BATTERY,50,98.119890,2553326.000000,,
BATTERY,50,98.119890,2553326.000000,,
BATTERY,50,98.118552,2555151.000000,,
BATTERY,50,98.118552,2555151.000000,,
BATTERY,50,98.117144,2557071.000000,,
BATTERY,50,98.117144,2557071.000000,,
BATTERY,50,98.115806,2558896.000000,,
BATTERY,50,98.115806,2558896.000000,,
BATTERY,50,98.114398,2560816.000000,,
BATTERY,50,98.114398,2560816.000000,,
BATTERY,50,98.114303,2560945.000000,,
BATTERY,50,98.110984,2562642.000000,,
BATTERY,50,98.109577,2564561.000000,,
BATTERY,50,98.109577,2564561.000000,,
BATTERY,50,98.108239,2566386.000000,,
BATTERY,50,98.108239,2566386.000000,,
BATTERY,50,98.106196,2569171.000000,,
BATTERY,50,98.106196,2569171.000000,,
BATTERY,50,98.104623,2571316.000000,,
BATTERY,50,98.104623,2571316.000000,,
BATTERY,50,97.788777,3002016.000000,,
BATTERY,50,97.788777,3002016.000000,,
BATTERY,50,97.766073,3032976.000000,,
BATTERY,50,97.766073,3032976.000000,,
BATTERY,50,97.763717,3036188.000000,,
BATTERY,50,97.763717,3036188.000000,,
BATTERY,50,97.762379,3038013.000000,,
BATTERY,50,97.762379,3038013.000000,,
BATTERY,50,97.760918,3040005.000000,,
BATTERY,50,97.760918,3040005.000000,,
BATTERY,50,97.759453,3042003.000000,,
BATTERY,50,97.759453,3042003.000000,,
BATTERY,50,97.758115,3043828.000000,,
BATTERY,50,97.758115,3043828.000000,,
BATTERY,50,97.756707,3045748.000000,,
BATTERY,50,97.756707,3045748.000000,,
BATTERY,50,97.755272,3047704.000000,,
BATTERY,50,97.755272,3047704.000000,,
BATTERY,50,97.753934,3049529.000000,,
BATTERY,50,97.753934,3049529.000000,,
BATTERY,50,97.752526,3051449.000000,,
BATTERY,50,97.752526,3051449.000000,,
BATTERY,50,97.751188,3053274.000000,,
BATTERY,50,97.751188,3053274.000000,,
BATTERY,50,97.749780,3055194.000000,,
BATTERY,50,97.749780,3055194.000000,,
BATTERY,50,97.748441,3057019.000000,,
BATTERY,50,97.748441,3057019.000000,,
BATTERY,50,97.747033,3058939.000000,,
BATTERY,50,97.747033,3058939.000000,,
BATTERY,50,97.745695,3060764.000000,,
BATTERY,50,97.745695,3060764.000000,,
BATTERY,50,97.744287,3062684.000000,,
BATTERY,50,97.744287,3062684.000000,,
BATTERY,50,97.742879,3064604.000000,,
BATTERY,50,97.742879,3064604.000000,,
BATTERY,50,97.742784,3064733.000000,,
BATTERY,50,97.739466,3066430.000000,,
BATTERY,50,97.738128,3068254.000000,,
BATTERY,50,97.738128,3068254.000000,,
BATTERY,50,97.736720,3070174.000000,,
BATTERY,50,97.736720,3070174.000000,,
BATTERY,50,97.735382,3071999.000000,,
BATTERY,50,97.735382,3071999.000000,,
BATTERY,50,97.733739,3074239.000000,,
BATTERY,50,97.733739,3074239.000000,,
BATTERY,50,97.731228,3077664.000000,,
BATTERY,50,97.731228,3077664.000000,,
BATTERY,50,97.398271,3531696.000000,,
BATTERY,50,97.398271,3531696.000000,,
BATTERY,50,97.397941,3532145.000000,,
BATTERY,50,97.394873,3533714.000000,,
BATTERY,50,97.392925,3536370.000000,,
BATTERY,50,97.392925,3536370.000000,,
BATTERY,50,97.390508,3539667.000000,,
BATTERY,50,97.390508,3539667.000000,,
BATTERY,50,96.661846,4533296.000000,,
BATTERY,50,96.661846,4533296.000000,,
BATTERY,50,96.660212,4535525.000000,,
BATTERY,50,96.660212,4535525.000000,,
BATTERY,50,96.658778,4537480.000000,,
BATTERY,50,96.658778,4537480.000000,,
BATTERY,50,96.657440,4539305.000000,,
BATTERY,50,96.657440,4539305.000000,,
BATTERY,50,96.656088,4541148.000000,,
BATTERY,50,96.656088,4541148.000000,,
BATTERY,50,96.654693,4543050.000000,,
BATTERY,50,96.654693,4543050.000000,,
BATTERY,50,96.653342,4544893.000000,,
BATTERY,50,96.653342,4544893.000000,,
BATTERY,50,96.653191,4545099.000000,,
BATTERY,50,96.649872,4546796.000000,,
BATTERY,50,96.648521,4548638.000000,,
BATTERY,50,96.648521,4548638.000000,,
BATTERY,50,96.647127,4550540.000000,,
BATTERY,50,96.647127,4550540.000000,,
BATTERY,50,96.645775,4552383.000000,,
BATTERY,50,96.645775,4552383.000000,,
BATTERY,50,96.644367,4554303.000000,,
BATTERY,50,96.644367,4554303.000000,,
BATTERY,50,96.643123,4556000.000000,,
BATTERY,50,96.643123,4556000.000000,,
BATTERY,50,96.641784,4557825.000000,,
BATTERY,50,96.641784,4557825.000000,,
BATTERY,50,96.640446,4559650.000000,,
BATTERY,50,96.640446,4559650.000000,,
BATTERY,50,96.639038,4561570.000000,,
BATTERY,50,96.639038,4561570.000000,,
BATTERY,50,96.637700,4563395.000000,,
BATTERY,50,96.637700,4563395.000000,,
BATTERY,50,96.636127,4565540.000000,,
BATTERY,50,96.636127,4565540.000000,,
BATTERY,50,96.634719,4567460.000000,,
BATTERY,50,96.634719,4567460.000000,,
BATTERY,50,96.633380,4569285.000000,,
BATTERY,50,96.633380,4569285.000000,,
BATTERY,50,95.193340,6532976.000000,,
BATTERY,50,95.193340,6532976.000000,,
BATTERY,50,95.191617,6535326.000000,,
BATTERY,50,95.191617,6535326.000000,,
BATTERY,50,95.190268,6537166.000000,,
BATTERY,50,95.190268,6537166.000000,,
BATTERY,50,95.188929,6538991.000000,,
BATTERY,50,95.188929,6538991.000000,,
BATTERY,50,95.187521,6540911.000000,,
BATTERY,50,95.187521,6540911.000000,,
BATTERY,50,95.186075,6542883.000000,,
BATTERY,50,95.186075,6542883.000000,,
BATTERY,50,95.184737,6544708.000000,,
BATTERY,50,95.184737,6544708.000000,,
BATTERY,50,95.184573,6544932.000000,,
BATTERY,50,95.181254,6546629.000000,,
BATTERY,50,95.179916,6548453.000000,,
BATTERY,50,95.179916,6548453.000000,,
BATTERY,50,95.178508,6550373.000000,,
BATTERY,50,95.178508,6550373.000000,,
BATTERY,50,95.177170,6552198.000000,,
BATTERY,50,95.177170,6552198.000000,,
BATTERY,50,95.175832,6554023.000000,,
BATTERY,50,95.175832,6554023.000000,,
BATTERY,50,95.174189,6556263.000000,,
BATTERY,50,95.174189,6556263.000000,,
BATTERY,50,95.172851,6558088.000000,,
BATTERY,50,95.172851,6558088.000000,,
BATTERY,50,95.171208,6560328.000000,,
BATTERY,50,95.171208,6560328.000000,,
BATTERY,50,95.169870,6562153.000000,,
BATTERY,50,95.169870,6562153.000000,,
BATTERY,50,95.168227,6564393.000000,,
BATTERY,50,95.168227,6564393.000000,,
BATTERY,50,95.166889,6566218.000000,,
BATTERY,50,95.166889,6566218.000000,,
BATTERY,50,95.164377,6569643.000000,,
BATTERY,50,95.164377,6569643.000000,,
BATTERY,50,95.162569,6572108.000000,,
BATTERY,50,95.162569,6572108.000000,,
BATTERY,50,94.458637,7532016.000000,,
BATTERY,50,94.458637,7532016.000000,,
BATTERY,50,94.456688,7534673.000000,,
BATTERY,50,94.456688,7534673.000000,,
BATTERY,50,94.455890,7535762.000000,,
BATTERY,50,94.452821,7537331.000000,,
BATTERY,50,94.450404,7540627.000000,,
BATTERY,50,94.450404,7540627.000000,,
BATTERY,50,93.722682,8532976.000000,,
BATTERY,50,93.722682,8532976.000000,,
BATTERY,50,93.721003,8535265.000000,,
BATTERY,50,93.721003,8535265.000000,,
BATTERY,50,93.719665,8537090.000000,,
BATTERY,50,93.719665,8537090.000000,,
BATTERY,50,93.718269,8538994.000000,,
BATTERY,50,93.718269,8538994.000000,,
BATTERY,50,93.716919,8540835.000000,,
BATTERY,50,93.716919,8540835.000000,,
BATTERY,50,93.715522,8542739.000000,,
BATTERY,50,93.715522,8542739.000000,,
BATTERY,50,93.715416,8542884.000000,,
BATTERY,50,93.712097,8544581.000000,,
BATTERY,50,93.710702,8546484.000000,,
BATTERY,50,93.710702,8546484.000000,,
BATTERY,50,93.709352,8548325.000000,,
BATTERY,50,93.709352,8548325.000000,,
BATTERY,50,93.707956,8550229.000000,,
BATTERY,50,93.707956,8550229.000000,,
BATTERY,50,93.706605,8552070.000000,,
BATTERY,50,93.706605,8552070.000000,,
BATTERY,50,93.705209,8553974.000000,,
BATTERY,50,93.705209,8553974.000000,,
BATTERY,50,93.703871,8555799.000000,,
BATTERY,50,93.703871,8555799.000000,,
BATTERY,50,93.702228,8558039.000000,,
BATTERY,50,93.702228,8558039.000000,,
BATTERY,50,93.700655,8560184.000000,,
BATTERY,50,93.700655,8560184.000000,,
BATTERY,50,93.699247,8562104.000000,,
BATTERY,50,93.699247,8562104.000000,,
BATTERY,50,93.697909,8563929.000000,,
BATTERY,50,93.697909,8563929.000000,,
BATTERY,50,93.695867,8566714.000000,,
BATTERY,50,93.695867,8566714.000000,,
BATTERY,50,93.693120,8570459.000000,,
BATTERY,50,93.693120,8570459.000000,,
BATTERY,50,92.253237,10533936.000000,,
BATTERY,50,92.253237,10533936.000000,,
BATTERY,50,92.251742,10535975.000000,,
BATTERY,50,92.251742,10535975.000000,,
BATTERY,50,92.250169,10538120.000000,,
BATTERY,50,92.250169,10538120.000000,,
BATTERY,50,92.248830,10539945.000000,,
BATTERY,50,92.248830,10539945.000000,,
BATTERY,50,92.247422,10541865.000000,,
BATTERY,50,92.247422,10541865.000000,,
BATTERY,50,92.246084,10543690.000000,,
BATTERY,50,92.246084,10543690.000000,,
BATTERY,50,92.244676,10545610.000000,,
BATTERY,50,92.244676,10545610.000000,,
BATTERY,50,92.243338,10547435.000000,,
BATTERY,50,92.243338,10547435.000000,,
BATTERY,50,92.243174,10547659.000000,,
BATTERY,50,92.239855,10549356.000000,,
BATTERY,50,92.238517,10551180.000000,,
BATTERY,50,92.238517,10551180.000000,,
BATTERY,50,92.237109,10553100.000000,,
BATTERY,50,92.237109,10553100.000000,,
BATTERY,50,92.235771,10554925.000000,,
BATTERY,50,92.235771,10554925.000000,,
BATTERY,50,92.234363,10556845.000000,,
BATTERY,50,92.234363,10556845.000000,,
BATTERY,50,92.233025,10558670.000000,,
BATTERY,50,92.233025,10558670.000000,,
BATTERY,50,92.231617,10560590.000000,,
BATTERY,50,92.231617,10560590.000000,,
BATTERY,50,92.230278,10562415.000000,,
BATTERY,50,92.230278,10562415.000000,,
BATTERY,50,92.228940,10564240.000000,,
BATTERY,50,92.228940,10564240.000000,,
BATTERY,50,92.227602,10566065.000000,,
BATTERY,50,92.227602,10566065.000000,,
BATTERY,50,92.226194,10567985.000000,,
BATTERY,50,92.226194,10567985.000000,,
BATTERY,50,92.224855,10569810.000000,,
BATTERY,50,92.224855,10569810.000000,,
BATTERY,50,92.223447,10571730.000000,,
BATTERY,50,92.223447,10571730.000000,,
BATTERY,50,92.221874,10573875.000000,,
BATTERY,50,92.221874,10573875.000000,,
BATTERY,50,92.219832,10576660.000000,,
BATTERY,50,92.219832,10576660.000000,,
BATTERY,50,88.587054,15530448.000000,,
BATTERY,50,88.583986,15532017.000000,,
BATTERY,50,88.582742,15533713.000000,,
BATTERY,50,88.582742,15533713.000000,,
BATTERY,50,88.581099,15535953.000000,,
BATTERY,50,88.581099,15535953.000000,,
BATTERY,50,88.579620,15537970.000000,,
BATTERY,50,88.579620,15537970.000000,,
BATTERY,50,87.850888,16531696.000000,,
BATTERY,50,87.850888,16531696.000000,,
BATTERY,50,87.842711,16542847.000000,,
BATTERY,50,87.842711,16542847.000000,,
BATTERY,50,86.383752,18532336.000000,,
BATTERY,50,86.383752,18532336.000000,,
BATTERY,50,86.382103,18534584.000000,,
BATTERY,50,86.382103,18534584.000000,,
BATTERY,50,86.380651,18536565.000000,,
BATTERY,50,86.380651,18536565.000000,,
BATTERY,50,86.379249,18538477.000000,,
BATTERY,50,86.379249,18538477.000000,,
BATTERY,50,86.377910,18540302.000000,,
BATTERY,50,86.377910,18540302.000000,,
BATTERY,50,86.376502,18542222.000000,,
BATTERY,50,86.376502,18542222.000000,,
BATTERY,50,86.376338,18542446.000000,,
BATTERY,50,86.373019,18544143.000000,,
BATTERY,50,86.371682,18545967.000000,,
BATTERY,50,86.371682,18545967.000000,,
BATTERY,50,86.370294,18547860.000000,,
BATTERY,50,86.370294,18547860.000000,,
BATTERY,50,86.368935,18549712.000000,,
BATTERY,50,86.368935,18549712.000000,,
BATTERY,50,86.367547,18551605.000000,,
BATTERY,50,86.367547,18551605.000000,,
BATTERY,50,86.366189,18553457.000000,,
BATTERY,50,86.366189,18553457.000000,,
BATTERY,50,86.364801,18555350.000000,,
BATTERY,50,86.364801,18555350.000000,,
BATTERY,50,86.363393,18557270.000000,,
BATTERY,50,86.363393,18557270.000000,,
BATTERY,50,86.362055,18559095.000000,,
BATTERY,50,86.362055,18559095.000000,,
BATTERY,50,86.360482,18561240.000000,,
BATTERY,50,86.360482,18561240.000000,,
BATTERY,50,86.358604,18563800.000000,,
BATTERY,50,86.358604,18563800.000000,,
BATTERY,50,86.356327,18566905.000000,,
BATTERY,50,86.356327,18566905.000000,,
BATTERY,50,81.248814,25531696.000000,,
BATTERY,50,81.248814,25531696.000000,,
BATTERY,50,81.247335,25533713.000000,,
BATTERY,50,81.247335,25533713.000000,,
BATTERY,50,81.244917,25537010.000000,,
BATTERY,50,81.244917,25537010.000000,,
BATTERY,50,81.244588,25537459.000000,,
BATTERY,50,81.241519,25539028.000000,,
BATTERY,50,80.513093,26532336.000000,,
BATTERY,50,80.513093,26532336.000000,,
BATTERY,50,80.506801,26540916.000000,,
BATTERY,50,80.506801,26540916.000000,,
BATTERY,50,79.046427,28532336.000000,,
BATTERY,50,79.046427,28532336.000000,,
BATTERY,50,79.044794,28534562.000000,,
BATTERY,50,79.044794,28534562.000000,,
BATTERY,50,79.043456,28536387.000000,,
BATTERY,50,79.043456,28536387.000000,,
BATTERY,50,79.042057,28538295.000000,,
BATTERY,50,79.042057,28538295.000000,,
BATTERY,50,79.040710,28540132.000000,,
BATTERY,50,79.040710,28540132.000000,,
BATTERY,50,79.039311,28542040.000000,,
BATTERY,50,79.039311,28542040.000000,,
BATTERY,50,79.037963,28543877.000000,,
BATTERY,50,79.037963,28543877.000000,,
BATTERY,50,79.036564,28545785.000000,,
BATTERY,50,79.036564,28545785.000000,,
BATTERY,50,79.036461,28545926.000000,,
BATTERY,50,79.033142,28547623.000000,,
BATTERY,50,79.031744,28549530.000000,,
BATTERY,50,79.031744,28549530.000000,,
BATTERY,50,79.030397,28551367.000000,,
BATTERY,50,79.030397,28551367.000000,,
BATTERY,50,79.028997,28553275.000000,,
BATTERY,50,79.028997,28553275.000000,,
BATTERY,50,79.027650,28555112.000000,,
BATTERY,50,79.027650,28555112.000000,,
BATTERY,50,79.026312,28556937.000000,,
BATTERY,50,79.026312,28556937.000000,,
BATTERY,50,79.024904,28558857.000000,,
BATTERY,50,79.024904,28558857.000000,,
BATTERY,50,79.023331,28561002.000000,,
BATTERY,50,79.023331,28561002.000000,,
BATTERY,50,79.021993,28562827.000000,,
BATTERY,50,79.021993,28562827.000000,,
BATTERY,50,79.019411,28566347.000000,,
BATTERY,50,79.019411,28566347.000000,,
BATTERY,50,79.017134,28569452.000000,,
BATTERY,50,79.017134,28569452.000000,,
BATTERY,50,73.911254,35532016.000000,,
BATTERY,50,73.911254,35532016.000000,,
BATTERY,50,73.908602,35535633.000000,,
BATTERY,50,73.908602,35535633.000000,,
BATTERY,50,73.906418,35538610.000000,,
BATTERY,50,73.906418,35538610.000000,,
BATTERY,50,73.905385,35540019.000000,,
BATTERY,50,73.902317,35541588.000000,,
BATTERY,50,73.176238,36531696.000000,,
BATTERY,50,73.176238,36531696.000000,,
BATTERY,50,73.173160,36535893.000000,,
BATTERY,50,73.173160,36535893.000000,,
BATTERY,50,71.709571,38531696.000000,,
BATTERY,50,71.709571,38531696.000000,,
BATTERY,50,71.707102,38535063.000000,,
BATTERY,50,71.707102,38535063.000000,,
BATTERY,50,71.706993,38535212.000000,,
BATTERY,50,71.703674,38536909.000000,,
BATTERY,50,71.702291,38538795.000000,,
BATTERY,50,71.702291,38538795.000000,,
BATTERY,50,71.700928,38540653.000000,,
BATTERY,50,71.700928,38540653.000000,,
BATTERY,50,71.699507,38542591.000000,,
BATTERY,50,71.699507,38542591.000000,,
BATTERY,50,71.698169,38544416.000000,,
BATTERY,50,71.698169,38544416.000000,,
BATTERY,50,71.696761,38546336.000000,,
BATTERY,50,71.696761,38546336.000000,,
BATTERY,50,71.695423,38548161.000000,,
BATTERY,50,71.695423,38548161.000000,,
BATTERY,50,71.694015,38550081.000000,,
BATTERY,50,71.694015,38550081.000000,,
BATTERY,50,71.692676,38551906.000000,,
BATTERY,50,71.692676,38551906.000000,,
BATTERY,50,71.691268,38553826.000000,,
BATTERY,50,71.691268,38553826.000000,,
BATTERY,50,71.689930,38555651.000000,,
BATTERY,50,71.689930,38555651.000000,,
BATTERY,50,71.688522,38557571.000000,,
BATTERY,50,71.688522,38557571.000000,,
BATTERY,50,71.687184,38559396.000000,,
BATTERY,50,71.687184,38559396.000000,,
BATTERY,50,71.685541,38561636.000000,,
BATTERY,50,71.685541,38561636.000000,,
BATTERY,50,71.684133,38563556.000000,,
BATTERY,50,71.684133,38563556.000000,,
BATTERY,50,71.682325,38566021.000000,,
BATTERY,50,71.682325,38566021.000000,,
BATTERY,50,71.680752,38568166.000000,,
BATTERY,50,71.680752,38568166.000000,,
BATTERY,50,71.679414,38569991.000000,,
BATTERY,50,71.679414,38569991.000000,,
BATTERY,50,71.678006,38571911.000000,,
BATTERY,50,71.678006,38571911.000000,,
BATTERY,50,71.675260,38575656.000000,,
BATTERY,50,71.675260,38575656.000000,,
BATTERY,50,66.574164,45531696.000000,,
BATTERY,50,66.574164,45531696.000000,,
BATTERY,50,66.573905,45532048.000000,,
BATTERY,50,66.570837,45533617.000000,,
BATTERY,50,65.837739,46533296.000000,,
BATTERY,50,65.837739,46533296.000000,,
BATTERY,50,65.829274,46544840.000000,,
BATTERY,50,65.829274,46544840.000000,,
BATTERY,50,64.371777,48532336.000000,,
BATTERY,50,64.371777,48532336.000000,,
BATTERY,50,64.370229,48534447.000000,,
BATTERY,50,64.370229,48534447.000000,,
BATTERY,50,64.368890,48536272.000000,,
BATTERY,50,64.368890,48536272.000000,,
BATTERY,50,64.367552,48538097.000000,,
BATTERY,50,64.367552,48538097.000000,,
BATTERY,50,64.366144,48540017.000000,,
BATTERY,50,64.366144,48540017.000000,,
BATTERY,50,64.364806,48541842.000000,,
BATTERY,50,64.364806,48541842.000000,,
BATTERY,50,64.364579,48542151.000000,,
BATTERY,50,64.361260,48543848.000000,,
BATTERY,50,64.359923,48545672.000000,,
BATTERY,50,64.359923,48545672.000000,,
BATTERY,50,64.358515,48547592.000000,,
BATTERY,50,64.358515,48547592.000000,,
BATTERY,50,64.357176,48549417.000000,,
BATTERY,50,64.357176,48549417.000000,,
BATTERY,50,64.355768,48551337.000000,,
BATTERY,50,64.355768,48551337.000000,,
BATTERY,50,64.354360,48553257.000000,,
BATTERY,50,64.354360,48553257.000000,,
BATTERY,50,64.353022,48555082.000000,,
BATTERY,50,64.353022,48555082.000000,,
BATTERY,50,64.351684,48556907.000000,,
BATTERY,50,64.351684,48556907.000000,,
BATTERY,50,64.350041,48559147.000000,,
BATTERY,50,64.350041,48559147.000000,,
BATTERY,50,64.348703,48560972.000000,,
BATTERY,50,64.348703,48560972.000000,,
BATTERY,50,64.347060,48563212.000000,,
BATTERY,50,64.347060,48563212.000000,,
BATTERY,50,64.345252,48565677.000000,,
BATTERY,50,64.345252,48565677.000000,,
BATTERY,50,64.343210,48568462.000000,,
BATTERY,50,64.343210,48568462.000000,,
BATTERY,50,64.341168,48571247.000000,,
BATTERY,50,64.341168,48571247.000000,,
BATTERY,50,64.339595,48573392.000000,,
BATTERY,50,64.339595,48573392.000000,,
BATTERY,50,59.236838,55531696.000000,,
BATTERY,50,59.236838,55531696.000000,,
BATTERY,50,59.236509,55532145.000000,,
BATTERY,50,59.233441,55533714.000000,,
BATTERY,50,59.231493,55536370.000000,,
BATTERY,50,59.231493,55536370.000000,,
BATTERY,50,58.501587,56531696.000000,,
BATTERY,50,58.501587,56531696.000000,,
BATTERY,50,58.493333,56542952.000000,,
BATTERY,50,58.493333,56542952.000000,,
BATTERY,50,57.033513,58533616.000000,,
BATTERY,50,57.033513,58533616.000000,,
BATTERY,50,57.032112,58535526.000000,,
BATTERY,50,57.032112,58535526.000000,,
BATTERY,50,57.030715,58537431.000000,,
BATTERY,50,57.030715,58537431.000000,,
BATTERY,50,57.029377,58539256.000000,,
BATTERY,50,57.029377,58539256.000000,,
BATTERY,50,57.028027,58541096.000000,,
BATTERY,50,57.028027,58541096.000000,,
BATTERY,50,57.026607,58543033.000000,,
BATTERY,50,57.026607,58543033.000000,,
BATTERY,50,57.025237,58544901.000000,,
BATTERY,50,57.025237,58544901.000000,,
BATTERY,50,57.023861,58546778.000000,,
BATTERY,50,57.023861,58546778.000000,,
BATTERY,50,57.022466,58548680.000000,,
BATTERY,50,57.022466,58548680.000000,,
BATTERY,50,57.021114,58550523.000000,,
BATTERY,50,57.021114,58550523.000000,,
BATTERY,50,57.019720,58552425.000000,,
BATTERY,50,57.019720,58552425.000000,,
BATTERY,50,57.019612,58552572.000000,,
BATTERY,50,57.016293,58554269.000000,,
BATTERY,50,57.014899,58556170.000000,,
BATTERY,50,57.014899,58556170.000000,,
BATTERY,50,57.013548,58558013.000000,,
BATTERY,50,57.013548,58558013.000000,,
BATTERY,50,57.011918,58560235.000000,,
BATTERY,50,57.011918,58560235.000000,,
BATTERY,50,57.010510,58562155.000000,,
BATTERY,50,57.010510,58562155.000000,,
BATTERY,50,57.009172,58563980.000000,,
BATTERY,50,57.009172,58563980.000000,,
BATTERY,50,57.007351,58566463.000000,,
BATTERY,50,57.007351,58566463.000000,,
BATTERY,50,57.005778,58568608.000000,,
BATTERY,50,57.005778,58568608.000000,,
BATTERY,50,57.004205,58570753.000000,,
BATTERY,50,57.004205,58570753.000000,,
BATTERY,50,51.898809,65532656.000000,,
BATTERY,50,51.898809,65532656.000000,,
BATTERY,50,51.897096,65534993.000000,,
BATTERY,50,51.897096,65534993.000000,,
BATTERY,50,51.895593,65537042.000000,,
BATTERY,50,51.892525,65538611.000000,,
BATTERY,50,51.162620,66533936.000000,,
BATTERY,50,51.162620,66533936.000000,,
BATTERY,50,51.157662,66540697.000000,,
BATTERY,50,51.157662,66540697.000000,,
BATTERY,50,49.697596,68531696.000000,,
BATTERY,50,49.697596,68531696.000000,,
BATTERY,50,49.695940,68533954.000000,,
BATTERY,50,49.695940,68533954.000000,,
BATTERY,50,49.694555,68535842.000000,,
BATTERY,50,49.694555,68535842.000000,,
BATTERY,50,49.693217,68537667.000000,,
BATTERY,50,49.693217,68537667.000000,,
BATTERY,50,49.691809,68539587.000000,,
BATTERY,50,49.691809,68539587.000000,,
BATTERY,50,49.690471,68541412.000000,,
BATTERY,50,49.690471,68541412.000000,,
BATTERY,50,49.689063,68543332.000000,,
BATTERY,50,49.689063,68543332.000000,,
BATTERY,50,49.688856,68543614.000000,,
BATTERY,50,49.685537,68545311.000000,,
BATTERY,50,49.684200,68547135.000000,,
BATTERY,50,49.684200,68547135.000000,,
BATTERY,50,49.682792,68549055.000000,,
BATTERY,50,49.682792,68549055.000000,,
BATTERY,50,49.681453,68550880.000000,,
BATTERY,50,49.681453,68550880.000000,,
BATTERY,50,49.679811,68553120.000000,,
BATTERY,50,49.679811,68553120.000000,,
BATTERY,50,49.678472,68554945.000000,,
BATTERY,50,49.678472,68554945.000000,,
BATTERY,50,49.677064,68556865.000000,,
BATTERY,50,49.677064,68556865.000000,,
BATTERY,50,49.675726,68558690.000000,,
BATTERY,50,49.675726,68558690.000000,,
BATTERY,50,49.674388,68560515.000000,,
BATTERY,50,49.674388,68560515.000000,,
BATTERY,50,49.672980,68562435.000000,,
BATTERY,50,49.672980,68562435.000000,,
BATTERY,50,49.671572,68564355.000000,,
BATTERY,50,49.671572,68564355.000000,,
BATTERY,50,49.670233,68566180.000000,,
BATTERY,50,49.670233,68566180.000000,,
BATTERY,50,49.668825,68568100.000000,,
BATTERY,50,49.668825,68568100.000000,,
BATTERY,50,44.562188,75531696.000000,,
BATTERY,50,44.562188,75531696.000000,,
BATTERY,50,44.560780,75533616.000000,,
BATTERY,50,44.560780,75533616.000000,,
BATTERY,50,44.560451,75534065.000000,,
BATTERY,50,44.557383,75535634.000000,,
BATTERY,50,43.826233,76532656.000000,,
BATTERY,50,43.826233,76532656.000000,,
BATTERY,50,43.818181,76543636.000000,,
BATTERY,50,43.818181,76543636.000000,,
BATTERY,50,42.359801,78532336.000000,,
BATTERY,50,42.359801,78532336.000000,,
BATTERY,50,42.358092,78534667.000000,,
BATTERY,50,42.358092,78534667.000000,,
BATTERY,50,42.356519,78536812.000000,,
BATTERY,50,42.356519,78536812.000000,,
BATTERY,50,42.355126,78538712.000000,,
BATTERY,50,42.355126,78538712.000000,,
BATTERY,50,42.353708,78540645.000000,,
BATTERY,50,42.353708,78540645.000000,,
BATTERY,50,42.352370,78542470.000000,,
BATTERY,50,42.352370,78542470.000000,,
BATTERY,50,42.350962,78544390.000000,,
BATTERY,50,42.350962,78544390.000000,,
BATTERY,50,42.349623,78546215.000000,,
BATTERY,50,42.349623,78546215.000000,,
BATTERY,50,42.348215,78548135.000000,,
BATTERY,50,42.348215,78548135.000000,,
BATTERY,50,42.346877,78549960.000000,,
BATTERY,50,42.346877,78549960.000000,,
BATTERY,50,42.345469,78551880.000000,,
BATTERY,50,42.345469,78551880.000000,,
BATTERY,50,42.344131,78553705.000000,,
BATTERY,50,42.344131,78553705.000000,,
BATTERY,50,42.342723,78555625.000000,,
BATTERY,50,42.342723,78555625.000000,,
BATTERY,50,42.342628,78555754.000000,,
BATTERY,50,42.339309,78557451.000000,,
BATTERY,50,42.337902,78559370.000000,,
BATTERY,50,42.337902,78559370.000000,,
BATTERY,50,42.336494,78561290.000000,,
BATTERY,50,42.336494,78561290.000000,,
BATTERY,50,42.333748,78565035.000000,,
BATTERY,50,42.333748,78565035.000000,,
BATTERY,50,37.224628,85532016.000000,,
BATTERY,50,37.224628,85532016.000000,,
BATTERY,50,37.224534,85532145.000000,,
BATTERY,50,37.221466,85533714.000000,,
BATTERY,50,37.219824,85535953.000000,,
BATTERY,50,37.219824,85535953.000000,,
BATTERY,50,36.489143,86532336.000000,,
BATTERY,50,36.489143,86532336.000000,,
BATTERY,50,36.483333,86540258.000000,,
BATTERY,50,36.483333,86540258.000000,,
BATTERY,50,35.021303,88533936.000000,,
BATTERY,50,35.021303,88533936.000000,,
BATTERY,50,35.019054,88537002.000000,,
BATTERY,50,35.019054,88537002.000000,,
BATTERY,50,35.017673,88538886.000000,,
BATTERY,50,35.017673,88538886.000000,,
BATTERY,50,35.016334,88540711.000000,,
BATTERY,50,35.016334,88540711.000000,,
BATTERY,50,35.014996,88542536.000000,,
BATTERY,50,35.014996,88542536.000000,,
BATTERY,50,35.013588,88544456.000000,,
BATTERY,50,35.013588,88544456.000000,,
BATTERY,50,35.012250,88546281.000000,,
BATTERY,50,35.012250,88546281.000000,,
BATTERY,50,35.012086,88546505.000000,,
BATTERY,50,35.008767,88548202.000000,,
BATTERY,50,35.007429,88550026.000000,,
BATTERY,50,35.007429,88550026.000000,,
BATTERY,50,35.006021,88551946.000000,,
BATTERY,50,35.006021,88551946.000000,,
BATTERY,50,35.004683,88553771.000000,,
BATTERY,50,35.004683,88553771.000000,,
BATTERY,50,35.003275,88555691.000000,,
BATTERY,50,35.003275,88555691.000000,,
BATTERY,50,35.001937,88557516.000000,,
BATTERY,50,35.001937,88557516.000000,,
BATTERY,50,35.000529,88559436.000000,,
BATTERY,50,35.000529,88559436.000000,,
BATTERY,50,34.999190,88561261.000000,,
BATTERY,50,34.999190,88561261.000000,,
BATTERY,50,34.997852,88563086.000000,,
BATTERY,50,34.997852,88563086.000000,,
BATTERY,50,34.996209,88565326.000000,,
BATTERY,50,34.996209,88565326.000000,,
BATTERY,50,34.994167,88568111.000000,,
BATTERY,50,34.994167,88568111.000000,,
BATTERY,50,34.991421,88571856.000000,,
BATTERY,50,34.991421,88571856.000000,,
BATTERY,50,29.887538,95531696.000000,,
BATTERY,50,29.887538,95531696.000000,,
BATTERY,50,29.886294,95533393.000000,,
BATTERY,50,29.886294,95533393.000000,,
BATTERY,50,29.885495,95534482.000000,,
BATTERY,50,29.882427,95536051.000000,,
BATTERY,50,29.880010,95539347.000000,,
BATTERY,50,29.880010,95539347.000000,,
BATTERY,50,29.151818,96532336.000000,,
BATTERY,50,29.151818,96532336.000000,,
BATTERY,50,29.143881,96543159.000000,,
BATTERY,50,29.143881,96543159.000000,,
BATTERY,50,27.685151,98532336.000000,,
BATTERY,50,27.685151,98532336.000000,,
BATTERY,50,27.683229,98534957.000000,,
BATTERY,50,27.683229,98534957.000000,,
BATTERY,50,27.681724,98537009.000000,,
BATTERY,50,27.681724,98537009.000000,,
BATTERY,50,27.680260,98539006.000000,,
BATTERY,50,27.680260,98539006.000000,,
BATTERY,50,27.678903,98540856.000000,,
BATTERY,50,27.678903,98540856.000000,,
BATTERY,50,27.678739,98541080.000000,,
BATTERY,50,27.675420,98542777.000000,,
BATTERY,50,27.674012,98544697.000000,,
BATTERY,50,27.674012,98544697.000000,,
BATTERY,50,27.672674,98546522.000000,,
BATTERY,50,27.672674,98546522.000000,,
BATTERY,50,27.671266,98548442.000000,,
BATTERY,50,27.671266,98548442.000000,,
BATTERY,50,27.669928,98550267.000000,,
BATTERY,50,27.669928,98550267.000000,,
BATTERY,50,27.668520,98552187.000000,,
BATTERY,50,27.668520,98552187.000000,,
BATTERY,50,27.667181,98554012.000000,,
BATTERY,50,27.667181,98554012.000000,,
BATTERY,50,27.665773,98555932.000000,,
BATTERY,50,27.665773,98555932.000000,,
BATTERY,50,27.664131,98558172.000000,,
BATTERY,50,27.664131,98558172.000000,,
BATTERY,50,27.662792,98559997.000000,,
BATTERY,50,27.662792,98559997.000000,,
BATTERY,50,27.661454,98561822.000000,,
BATTERY,50,27.661454,98561822.000000,,
BATTERY,50,27.658708,98565567.000000,,
BATTERY,50,27.658708,98565567.000000,,
BATTERY,50,22.551363,105530128.000000,,
BATTERY,50,22.548295,105531697.000000,,
BATTERY,50,22.546112,105534673.000000,,
BATTERY,50,22.546112,105534673.000000,,
BATTERY,50,22.544398,105537010.000000,,
BATTERY,50,22.544398,105537010.000000,,
BATTERY,50,21.814962,106531696.000000,,
BATTERY,50,21.814962,106531696.000000,,
BATTERY,50,21.807409,106541996.000000,,
BATTERY,50,21.807409,106541996.000000,,
BATTERY,50,20.347122,108533296.000000,,
BATTERY,50,20.347122,108533296.000000,,
BATTERY,50,20.345371,108535683.000000,,
BATTERY,50,20.345371,108535683.000000,,
BATTERY,50,20.343564,108538148.000000,,
BATTERY,50,20.343564,108538148.000000,,
BATTERY,50,20.342225,108539973.000000,,
BATTERY,50,20.342225,108539973.000000,,
BATTERY,50,20.340887,108541798.000000,,
BATTERY,50,20.340887,108541798.000000,,
BATTERY,50,20.339479,108543718.000000,,
BATTERY,50,20.339479,108543718.000000,,
BATTERY,50,20.338141,108545543.000000,,
BATTERY,50,20.338141,108545543.000000,,
BATTERY,50,20.336733,108547463.000000,,
BATTERY,50,20.336733,108547463.000000,,
BATTERY,50,20.336638,108547592.000000,,
BATTERY,50,20.333320,108549289.000000,,
BATTERY,50,20.331912,108551208.000000,,
BATTERY,50,20.331912,108551208.000000,,
BATTERY,50,20.330574,108553033.000000,,
BATTERY,50,20.330574,108553033.000000,,
BATTERY,50,20.329166,108554953.000000,,
BATTERY,50,20.329166,108554953.000000,,
BATTERY,50,20.327758,108556873.000000,,
BATTERY,50,20.327758,108556873.000000,,
BATTERY,50,20.326420,108558698.000000,,
BATTERY,50,20.326420,108558698.000000,,
BATTERY,50,20.325081,108560523.000000,,
BATTERY,50,20.325081,108560523.000000,,
BATTERY,50,20.323204,108563083.000000,,
BATTERY,50,20.323204,108563083.000000,,
BATTERY,50,20.320458,108566828.000000,,
BATTERY,50,20.320458,108566828.000000,,
BATTERY,50,14.868902,116000768.000000,,
BATTERY,50,14.865833,116002337.000000,,
BATTERY,50,14.864590,116004033.000000,,
BATTERY,50,14.864590,116004033.000000,,
BATTERY,50,14.863111,116006050.000000,,
BATTERY,50,14.863111,116006050.000000,,
BATTERY,50,14.860223,116009987.000000,,
BATTERY,50,14.860223,116009987.000000,,
BATTERY,50,14.844303,116031696.000000,,
BATTERY,50,14.844303,116031696.000000,,
BATTERY,50,14.842355,116034353.000000,,
BATTERY,50,14.842355,116034353.000000,,
BATTERY,50,14.841791,116035122.000000,,
BATTERY,50,14.838723,116036691.000000,,
BATTERY,50,14.836916,116039155.000000,,
BATTERY,50,14.836916,116039155.000000,,
BATTERY,50,14.834498,116042452.000000,,
BATTERY,50,14.834498,116042452.000000,,
BATTERY,50,14.475719,116531696.000000,,
BATTERY,50,14.475719,116531696.000000,,
BATTERY,50,14.474240,116533713.000000,,
BATTERY,50,14.474240,116533713.000000,,
BATTERY,50,14.473982,116534065.000000,,
BATTERY,50,14.470914,116535634.000000,,
BATTERY,50,14.467033,116540926.000000,,
BATTERY,50,14.467033,116540926.000000,,
BATTERY,50,14.128900,117002016.000000,,
BATTERY,50,14.128900,117002016.000000,,
BATTERY,50,13.740468,117531696.000000,,
BATTERY,50,13.740468,117531696.000000,,
BATTERY,50,13.739060,117533616.000000,,
BATTERY,50,13.739060,117533616.000000,,
BATTERY,50,13.738966,117533745.000000,,
BATTERY,50,13.735897,117535314.000000,,
BATTERY,50,13.733246,117538930.000000,,
BATTERY,50,13.733246,117538930.000000,,
BATTERY,50,13.393649,118002016.000000,,
BATTERY,50,13.393649,118002016.000000,,
BATTERY,50,13.370710,118033296.000000,,
BATTERY,50,13.370710,118033296.000000,,
BATTERY,50,13.004513,118532656.000000,,
BATTERY,50,13.004513,118532656.000000,,
BATTERY,50,13.000960,118537501.000000,,
BATTERY,50,12.997642,118539198.000000,,
BATTERY,50,12.996069,118541342.000000,,
BATTERY,50,12.996069,118541342.000000,,
BATTERY,50,12.994584,118543368.000000,,
BATTERY,50,12.994584,118543368.000000,,
BATTERY,50,12.991046,118548192.000000,,
BATTERY,50,12.991046,118548192.000000,,
BATTERY,50,12.988534,118551617.000000,,
BATTERY,50,12.988534,118551617.000000,,
BATTERY,50,12.657068,119003616.000000,,
BATTERY,50,12.657068,119003616.000000,,
BATTERY,50,12.270960,119530128.000000,,
BATTERY,50,12.267891,119531697.000000,,
BATTERY,50,12.265944,119534353.000000,,
BATTERY,50,12.265944,119534353.000000,,
BATTERY,50,12.264230,119536690.000000,,
BATTERY,50,12.264230,119536690.000000,,
BATTERY,50,12.261812,119539987.000000,,
BATTERY,50,12.261812,119539987.000000,,
BATTERY,50,11.923225,120001696.000000,,
BATTERY,50,11.923225,120001696.000000,,
BATTERY,50,11.900991,120032016.000000,,
BATTERY,50,11.900991,120032016.000000,,
BATTERY,50,11.899042,120034673.000000,,
BATTERY,50,11.899042,120034673.000000,,
BATTERY,50,11.897767,120036412.000000,,
BATTERY,50,11.894448,120038109.000000,,
BATTERY,50,11.893111,120039933.000000,,
BATTERY,50,11.893111,120039933.000000,,
BATTERY,50,11.890364,120043678.000000,,
BATTERY,50,11.890364,120043678.000000,,
BATTERY,50,11.530842,120533936.000000,,
BATTERY,50,11.530842,120533936.000000,,
BATTERY,50,11.526956,120539235.000000,,
BATTERY,50,11.526956,120539235.000000,,
BATTERY,50,11.525618,120541060.000000,,
BATTERY,50,11.525618,120541060.000000,,
BATTERY,50,11.522036,120545944.000000,,
BATTERY,50,11.522036,120545944.000000,,
BATTERY,50,11.518155,120551237.000000,,
BATTERY,50,11.514836,120552934.000000,,
BATTERY,50,11.185744,121001696.000000,,
BATTERY,50,11.185744,121001696.000000,,
BATTERY,50,11.163274,121032336.000000,,
BATTERY,50,11.163274,121032336.000000,,
BATTERY,50,11.157552,121040140.000000,,
BATTERY,50,11.154233,121041837.000000,,
BATTERY,50,11.152879,121043683.000000,,
BATTERY,50,11.152879,121043683.000000,,
BATTERY,50,11.151487,121045581.000000,,
BATTERY,50,11.151487,121045581.000000,,
BATTERY,50,11.144986,121054446.000000,,
BATTERY,50,11.144986,121054446.000000,,
BATTERY,50,10.449867,122002336.000000,,
BATTERY,50,10.449867,122002336.000000,,
BATTERY,50,10.447919,122004993.000000,,
BATTERY,50,10.447919,122004993.000000,,
BATTERY,50,10.427163,122033296.000000,,
BATTERY,50,10.427163,122033296.000000,,
BATTERY,50,10.061435,122532016.000000,,
BATTERY,50,10.061435,122532016.000000,,
BATTERY,50,10.057904,122536831.000000,,
BATTERY,50,10.057904,122536831.000000,,
BATTERY,50,10.056331,122538976.000000,,
BATTERY,50,10.056331,122538976.000000,,
BATTERY,50,10.054523,122541441.000000,,
BATTERY,50,10.054523,122541441.000000,,
BATTERY,50,10.051284,122545858.000000,,
BATTERY,50,10.047966,122547555.000000,,
BATTERY,50,9.711409,123006496.000000,,
BATTERY,50,9.711409,123006496.000000,,
BATTERY,50,9.691756,123033296.000000,,
BATTERY,50,9.691756,123033296.000000,,
BATTERY,50,9.687757,123038748.000000,,
BATTERY,50,9.687757,123038748.000000,,
BATTERY,50,9.687428,123039197.000000,,
BATTERY,50,9.684110,123040894.000000,,
BATTERY,50,9.681599,123044318.000000,,
BATTERY,50,9.681599,123044318.000000,,
BATTERY,50,9.680260,123046143.000000,,
BATTERY,50,9.680260,123046143.000000,,
BATTERY,50,9.324188,123531696.000000,,
BATTERY,50,9.324188,123531696.000000,,
BATTERY,50,9.324094,123531825.000000,,
BATTERY,50,9.321025,123533394.000000,,
BATTERY,50,9.319618,123535313.000000,,
BATTERY,50,9.319618,123535313.000000,,
BATTERY,50,9.311568,123546290.000000,,
BATTERY,50,9.311568,123546290.000000,,
BATTERY,50,9.310954,123547128.000000,,
BATTERY,50,9.307635,123548825.000000,,
BATTERY,50,9.305831,123551285.000000,,
BATTERY,50,9.305831,123551285.000000,,
BATTERY,50,9.304023,123553750.000000,,
BATTERY,50,9.304023,123553750.000000,,
BATTERY,50,9.293298,123568375.000000,,
BATTERY,50,9.293298,123568375.000000,,
BATTERY,50,8.964735,124016416.000000,,
BATTERY,50,8.964735,124016416.000000,,
BATTERY,50,8.953530,124031696.000000,,
BATTERY,50,8.953530,124031696.000000,,
BATTERY,50,8.585220,124533936.000000,,
BATTERY,50,8.585220,124533936.000000,,
BATTERY,50,8.580159,124540838.000000,,
BATTERY,50,8.580159,124540838.000000,,
BATTERY,50,8.578854,124542617.000000,,
BATTERY,50,8.575536,124544314.000000,,
BATTERY,50,8.574176,124546168.000000,,
BATTERY,50,8.574176,124546168.000000,,
BATTERY,50,8.572790,124548058.000000,,
BATTERY,50,8.572790,124548058.000000,,
BATTERY,50,8.571217,124550203.000000,,
BATTERY,50,8.571217,124550203.000000,,
BATTERY,50,8.239888,125002016.000000,,
BATTERY,50,8.239888,125002016.000000,,
BATTERY,50,8.235123,125008513.000000,,
BATTERY,50,8.235123,125008513.000000,,
BATTERY,50,8.218122,125031696.000000,,
BATTERY,50,8.218122,125031696.000000,,
BATTERY,50,8.216408,125034033.000000,,
BATTERY,50,8.216408,125034033.000000,,
BATTERY,50,8.213427,125038098.000000,,
BATTERY,50,8.213427,125038098.000000,,
BATTERY,50,8.212993,125038690.000000,,
BATTERY,50,8.209675,125040387.000000,,
BATTERY,50,8.208095,125042541.000000,,
BATTERY,50,8.208095,125042541.000000,,
BATTERY,50,8.201594,125051406.000000,,
BATTERY,50,8.201594,125051406.000000,,
BATTERY,50,7.848443,125532976.000000,,
BATTERY,50,7.848443,125532976.000000,,
BATTERY,50,7.504715,126001696.000000,,
BATTERY,50,7.504715,126001696.000000,,
BATTERY,50,7.503307,126003616.000000,,
BATTERY,50,7.503307,126003616.000000,,
BATTERY,50,7.481776,126032976.000000,,
BATTERY,50,7.481776,126032976.000000,,
BATTERY,50,7.114640,126533616.000000,,
BATTERY,50,7.114640,126533616.000000,,
BATTERY,50,6.770208,127003296.000000,,
BATTERY,50,6.770208,127003296.000000,,
BATTERY,50,6.382245,127532336.000000,,
BATTERY,50,6.382245,127532336.000000,,
BATTERY,50,6.378723,127537139.000000,,
BATTERY,50,6.378723,127537139.000000,,
BATTERY,50,6.373756,127543912.000000,,
BATTERY,50,6.370438,127545609.000000,,
BATTERY,50,6.366050,127551593.000000,,
BATTERY,50,6.366050,127551593.000000,,
BATTERY,50,6.364643,127553511.000000,,
BATTERY,50,6.364643,127553511.000000,,
BATTERY,50,6.035739,128002016.000000,,
BATTERY,50,6.035739,128002016.000000,,
BATTERY,50,6.012801,128033296.000000,,
BATTERY,50,6.012801,128033296.000000,,
BATTERY,50,6.010331,128036664.000000,,
BATTERY,50,6.007122,128038168.000000,,
BATTERY,50,6.006551,128038947.000000,,
BATTERY,50,6.003232,128040644.000000,,
BATTERY,50,5.991570,128056548.000000,,
BATTERY,50,5.991570,128056548.000000,,
BATTERY,50,5.642658,128532336.000000,,
BATTERY,50,5.642658,128532336.000000,,
BATTERY,50,5.298461,129001696.000000,,
BATTERY,50,5.298461,129001696.000000,,
BATTERY,50,5.297053,129003616.000000,,
BATTERY,50,5.297053,129003616.000000,,
BATTERY,50,5.275757,129032656.000000,,
BATTERY,50,5.275757,129032656.000000,,
BATTERY,50,4.908386,129533616.000000,,
BATTERY,50,4.908386,129533616.000000,,
BATTERY,50,4.905478,129537582.000000,,
BATTERY,50,4.902159,129539279.000000,,
BATTERY,50,4.896725,129546689.000000,,
BATTERY,50,4.896725,129546689.000000,,
BATTERY,50,4.894918,129549154.000000,,
BATTERY,50,4.894918,129549154.000000,,
BATTERY,50,4.892875,129551939.000000,,
BATTERY,50,4.892875,129551939.000000,,
BATTERY,50,4.559768,130006176.000000,,
BATTERY,50,4.559768,130006176.000000,,
BATTERY,50,4.539880,130033296.000000,,
BATTERY,50,4.539880,130033296.000000,,
BATTERY,50,4.533373,130042169.000000,,
BATTERY,50,4.533373,130042169.000000,,
BATTERY,50,4.530325,130046326.000000,,
BATTERY,50,4.527006,130048023.000000,,
BATTERY,50,4.524094,130051994.000000,,
BATTERY,50,4.524094,130051994.000000,,
BATTERY,50,3.826942,131002656.000000,,
BATTERY,50,3.826942,131002656.000000,,
BATTERY,50,3.825463,131004673.000000,,
BATTERY,50,3.825463,131004673.000000,,
BATTERY,50,3.804003,131033936.000000,,
BATTERY,50,3.804003,131033936.000000,,
BATTERY,50,3.438275,131532656.000000,,
BATTERY,50,3.438275,131532656.000000,,
BATTERY,50,3.437031,131534353.000000,,
BATTERY,50,3.437031,131534353.000000,,
BATTERY,50,3.435787,131536050.000000,,
BATTERY,50,3.435787,131536050.000000,,
BATTERY,50,3.435528,131536402.000000,,
BATTERY,50,3.432460,131537971.000000,,
BATTERY,50,3.431123,131539795.000000,,
BATTERY,50,3.431123,131539795.000000,,
BATTERY,50,3.429027,131542653.000000,,
BATTERY,50,3.429027,131542653.000000,,
BATTERY,50,3.428228,131543742.000000,,
BATTERY,50,3.424909,131545439.000000,,
BATTERY,50,3.423337,131547583.000000,,
BATTERY,50,3.423337,131547583.000000,,
BATTERY,50,3.084126,132010144.000000,,
BATTERY,50,3.084126,132010144.000000,,
BATTERY,50,3.068321,132031696.000000,,
BATTERY,50,3.068321,132031696.000000,,
BATTERY,50,3.066239,132034535.000000,,
BATTERY,50,3.062920,132036232.000000,,
BATTERY,50,3.061583,132038056.000000,,
BATTERY,50,3.061583,132038056.000000,,
BATTERY,50,3.049919,132053961.000000,,
BATTERY,50,3.049919,132053961.000000,,
BATTERY,50,3.048346,132056106.000000,,
BATTERY,50,3.048346,132056106.000000,,
BATTERY,50,2.699580,132531696.000000,,
BATTERY,50,2.699580,132531696.000000,,
BATTERY,50,2.354914,133001696.000000,,
BATTERY,50,2.354914,133001696.000000,,
BATTERY,50,2.353506,133003616.000000,,
BATTERY,50,2.353506,133003616.000000,,
BATTERY,50,2.331506,133033616.000000,,
BATTERY,50,2.331506,133033616.000000,,
BATTERY,50,1.965778,133532336.000000,,
BATTERY,50,1.965778,133532336.000000,,
BATTERY,50,1.964782,133533694.000000,,
BATTERY,50,1.961463,133535391.000000,,
BATTERY,50,1.958718,133539135.000000,,
BATTERY,50,1.958718,133539135.000000,,
BATTERY,50,1.954768,133544521.000000,,
BATTERY,50,1.954768,133544521.000000,,
BATTERY,50,1.949909,133551146.000000,,
BATTERY,50,1.949909,133551146.000000,,
BATTERY,50,1.619271,134002016.000000,,
BATTERY,50,1.619271,134002016.000000,,
BATTERY,50,1.596333,134033296.000000,,
BATTERY,50,1.596333,134033296.000000,,
BATTERY,50,1.594868,134035294.000000,,
BATTERY,50,1.594868,134035294.000000,,
BATTERY,50,1.592472,134038561.000000,,
BATTERY,50,1.592472,134038561.000000,,
BATTERY,50,1.592143,134039010.000000,,
BATTERY,50,1.588824,134040707.000000,,
BATTERY,50,1.587486,134042531.000000,,
BATTERY,50,1.587486,134042531.000000,,
BATTERY,50,0.883160,135002976.000000,,
BATTERY,50,0.883160,135002976.000000,,
BATTERY,50,0.881446,135005313.000000,,
BATTERY,50,0.881446,135005313.000000,,
BATTERY,50,0.860925,135033296.000000,,
BATTERY,50,0.860925,135033296.000000,,
BATTERY,50,0.495432,135531696.000000,,
BATTERY,50,0.495432,135531696.000000,,
BATTERY,50,0.492529,135535655.000000,,
BATTERY,50,0.492529,135535655.000000,,
BATTERY,50,0.491965,135536424.000000,,
BATTERY,50,0.488646,135538121.000000,,
BATTERY,50,0.487309,135539945.000000,,
BATTERY,50,0.487309,135539945.000000,,
BATTERY,50,0.485266,135542730.000000,,
BATTERY,50,0.485266,135542730.000000,,
BATTERY,50,0.000000,141530128.000000,,
BATTERY,50,0.000000,499530000.000000,,
