BATTERY,86,99.998152,2016.000000,,
BATTERY,86,99.998152,2016.000000,,
BATTERY,86,99.996596,3713.000000,,
BATTERY,86,99.996596,3713.000000,,
BATTERY,86,99.994747,5730.000000,,
BATTERY,86,99.994747,5730.000000,,
BATTERY,86,99.993192,7427.000000,,
BATTERY,86,99.993192,7427.000000,,
BATTERY,86,99.989583,11364.000000,,
BATTERY,86,99.989583,11364.000000,,
BATTERY,86,99.970652,32016.000000,,
BATTERY,86,99.970652,32016.000000,,
BATTERY,86,99.969096,33713.000000,,
BATTERY,86,99.969096,33713.000000,,
BATTERY,86,99.967541,35410.000000,,
BATTERY,86,99.967541,35410.000000,,
BATTERY,86,99.965575,37555.000000,,
BATTERY,86,99.965575,37555.000000,,
BATTERY,86,99.963902,39380.000000,,
BATTERY,86,99.963902,39380.000000,,
BATTERY,86,99.962142,41300.000000,,
BATTERY,86,99.962142,41300.000000,,
BATTERY,86,99.960444,43152.000000,,
BATTERY,86,99.960444,43152.000000,,
BATTERY,86,99.960239,43376.000000,,
BATTERY,86,99.956090,45073.000000,,
BATTERY,86,99.954418,46897.000000,,
BATTERY,86,99.954418,46897.000000,,
BATTERY,86,99.952683,48790.000000,,
BATTERY,86,99.952683,48790.000000,,
BATTERY,86,99.950986,50642.000000,,
BATTERY,86,99.950986,50642.000000,,
BATTERY,86,99.949250,52535.000000,,
BATTERY,86,99.949250,52535.000000,,
BATTERY,86,99.947553,54387.000000,,
BATTERY,86,99.947553,54387.000000,,
BATTERY,86,99.945817,56280.000000,,
BATTERY,86,99.945817,56280.000000,,
BATTERY,86,99.944120,58132.000000,,
BATTERY,86,99.944120,58132.000000,,
BATTERY,86,99.942384,60025.000000,,
BATTERY,86,99.942384,60025.000000,,
BATTERY,86,99.940687,61877.000000,,
BATTERY,86,99.940687,61877.000000,,
BATTERY,86,99.938927,63797.000000,,
BATTERY,86,99.938927,63797.000000,,
BATTERY,86,99.936961,65942.000000,,
BATTERY,86,99.936961,65942.000000,,
BATTERY,86,99.935201,67862.000000,,
BATTERY,86,99.935201,67862.000000,,
BATTERY,86,99.510019,531696.000000,,
BATTERY,86,99.510019,531696.000000,,
BATTERY,86,99.508299,533573.000000,,
BATTERY,86,99.508299,533573.000000,,
BATTERY,86,99.506704,535313.000000,,
BATTERY,86,99.506704,535313.000000,,
BATTERY,86,99.505031,537138.000000,,
BATTERY,86,99.505031,537138.000000,,
BATTERY,86,99.503254,539076.000000,,
BATTERY,86,99.503254,539076.000000,,
BATTERY,86,99.503136,539205.000000,,
BATTERY,86,99.498988,540902.000000,,
BATTERY,86,99.497155,542901.000000,,
BATTERY,86,99.497155,542901.000000,,
BATTERY,86,99.495483,544726.000000,,
BATTERY,86,99.495483,544726.000000,,
BATTERY,86,99.493723,546646.000000,,
BATTERY,86,99.493723,546646.000000,,
BATTERY,86,99.492050,548471.000000,,
BATTERY,86,99.492050,548471.000000,,
BATTERY,86,99.490290,550391.000000,,
BATTERY,86,99.490290,550391.000000,,
BATTERY,86,99.488617,552216.000000,,
BATTERY,86,99.488617,552216.000000,,
BATTERY,86,99.486857,554136.000000,,
BATTERY,86,99.486857,554136.000000,,
BATTERY,86,99.485184,555961.000000,,
BATTERY,86,99.485184,555961.000000,,
BATTERY,86,99.483424,557881.000000,,
BATTERY,86,99.483424,557881.000000,,
BATTERY,86,99.481751,559706.000000,,
BATTERY,86,99.481751,559706.000000,,
BATTERY,86,99.479991,561626.000000,,
BATTERY,86,99.479991,561626.000000,,
BATTERY,86,99.478318,563451.000000,,
BATTERY,86,99.478318,563451.000000,,
BATTERY,86,99.476382,565563.000000,,
BATTERY,86,99.476382,565563.000000,,
BATTERY,86,99.474709,567388.000000,,
BATTERY,86,99.474709,567388.000000,,
BATTERY,86,99.472743,569533.000000,,
BATTERY,86,99.472743,569533.000000,,
BATTERY,86,99.076300,1002016.000000,,
BATTERY,86,99.076300,1002016.000000,,
BATTERY,86,99.048800,1032016.000000,,
BATTERY,86,99.048800,1032016.000000,,
BATTERY,86,98.590467,1532016.000000,,
BATTERY,86,98.590467,1532016.000000,,
BATTERY,86,98.588622,1534028.000000,,
BATTERY,86,98.588622,1534028.000000,,
BATTERY,86,98.586949,1535853.000000,,
BATTERY,86,98.586949,1535853.000000,,
BATTERY,86,98.585190,1537772.000000,,
BATTERY,86,98.585190,1537772.000000,,
BATTERY,86,98.584985,1537996.000000,,
BATTERY,86,98.580837,1539693.000000,,
BATTERY,86,98.579165,1541517.000000,,
BATTERY,86,98.579165,1541517.000000,,
BATTERY,86,98.577491,1543343.000000,,
BATTERY,86,98.577491,1543343.000000,,
BATTERY,86,98.575732,1545262.000000,,
BATTERY,86,98.575732,1545262.000000,,
BATTERY,86,98.574058,1547088.000000,,
BATTERY,86,98.574058,1547088.000000,,
BATTERY,86,98.572299,1549007.000000,,
BATTERY,86,98.572299,1549007.000000,,
BATTERY,86,98.570625,1550833.000000,,
BATTERY,86,98.570625,1550833.000000,,
BATTERY,86,98.568866,1552752.000000,,
BATTERY,86,98.568866,1552752.000000,,
BATTERY,86,98.567193,1554577.000000,,
BATTERY,86,98.567193,1554577.000000,,
BATTERY,86,98.565433,1556497.000000,,
BATTERY,86,98.565433,1556497.000000,,
BATTERY,86,98.563760,1558322.000000,,
BATTERY,86,98.563760,1558322.000000,,
BATTERY,86,98.561794,1560467.000000,,
BATTERY,86,98.561794,1560467.000000,,
BATTERY,86,98.560034,1562387.000000,,
BATTERY,86,98.560034,1562387.000000,,
BATTERY,86,98.557481,1565172.000000,,
BATTERY,86,98.557481,1565172.000000,,
BATTERY,86,98.545835,1577877.000000,,
BATTERY,86,98.545835,1577877.000000,,
BATTERY,86,97.670621,2532656.000000,,
BATTERY,86,97.670621,2532656.000000,,
BATTERY,86,97.668888,2534546.000000,,
BATTERY,86,97.668888,2534546.000000,,
BATTERY,86,97.667200,2536388.000000,,
BATTERY,86,97.667200,2536388.000000,,
BATTERY,86,97.666960,2536650.000000,,
BATTERY,86,97.662811,2538347.000000,,
BATTERY,86,97.661139,2540171.000000,,
BATTERY,86,97.661139,2540171.000000,,
BATTERY,86,97.659379,2542091.000000,,
BATTERY,86,97.659379,2542091.000000,,
BATTERY,86,97.657706,2543916.000000,,
BATTERY,86,97.657706,2543916.000000,,
BATTERY,86,97.655946,2545836.000000,,
BATTERY,86,97.655946,2545836.000000,,
BATTERY,86,97.654274,2547661.000000,,
BATTERY,86,97.654274,2547661.000000,,
BATTERY,86,97.652514,2549581.000000,,
BATTERY,86,97.652514,2549581.000000,,
BATTERY,86,97.650841,2551406.000000,,
BATTERY,86,97.650841,2551406.000000,,
BATTERY,86,97.649081,2553326.000000,,
BATTERY,86,97.649081,2553326.000000,,
BATTERY,86,97.647408,2555151.000000,,
BATTERY,86,97.647408,2555151.000000,,
BATTERY,86,97.645648,2557071.000000,,
BATTERY,86,97.645648,2557071.000000,,
BATTERY,86,97.643975,2558896.000000,,
BATTERY,86,97.643975,2558896.000000,,
BATTERY,86,97.642215,2560816.000000,,
BATTERY,86,97.642215,2560816.000000,,
BATTERY,86,97.640542,2562641.000000,,
BATTERY,86,97.640542,2562641.000000,,
BATTERY,86,97.638782,2564561.000000,,
BATTERY,86,97.638782,2564561.000000,,
BATTERY,86,97.637109,2566386.000000,,
BATTERY,86,97.637109,2566386.000000,,
BATTERY,86,97.634556,2569171.000000,,
BATTERY,86,97.634556,2569171.000000,,
BATTERY,86,97.632590,2571316.000000,,
BATTERY,86,97.632590,2571316.000000,,
BATTERY,86,97.237781,3002016.000000,,
BATTERY,86,97.237781,3002016.000000,,
BATTERY,86,97.209401,3032976.000000,,
BATTERY,86,97.209401,3032976.000000,,
BATTERY,86,97.206457,3036188.000000,,
BATTERY,86,97.206457,3036188.000000,,
BATTERY,86,97.204784,3038013.000000,,
BATTERY,86,97.204784,3038013.000000,,
BATTERY,86,97.202958,3040005.000000,,
BATTERY,86,97.202958,3040005.000000,,
BATTERY,86,97.201127,3042003.000000,,
BATTERY,86,97.201127,3042003.000000,,
BATTERY,86,97.200921,3042227.000000,,
BATTERY,86,97.196773,3043924.000000,,
BATTERY,86,97.195101,3045748.000000,,
BATTERY,86,97.195101,3045748.000000,,
BATTERY,86,97.193308,3047704.000000,,
BATTERY,86,97.193308,3047704.000000,,
BATTERY,86,97.191635,3049529.000000,,
BATTERY,86,97.191635,3049529.000000,,
BATTERY,86,97.189875,3051449.000000,,
BATTERY,86,97.189875,3051449.000000,,
BATTERY,86,97.188202,3053274.000000,,
BATTERY,86,97.188202,3053274.000000,,
BATTERY,86,97.186442,3055194.000000,,
BATTERY,86,97.186442,3055194.000000,,
BATTERY,86,97.184769,3057019.000000,,
BATTERY,86,97.184769,3057019.000000,,
BATTERY,86,97.183009,3058939.000000,,
BATTERY,86,97.183009,3058939.000000,,
BATTERY,86,97.181336,3060764.000000,,
BATTERY,86,97.181336,3060764.000000,,
BATTERY,86,97.179576,3062684.000000,,
BATTERY,86,97.179576,3062684.000000,,
BATTERY,86,97.177816,3064604.000000,,
BATTERY,86,97.177816,3064604.000000,,
BATTERY,86,97.176144,3066429.000000,,
BATTERY,86,97.176144,3066429.000000,,
BATTERY,86,97.174471,3068254.000000,,
BATTERY,86,97.174471,3068254.000000,,
BATTERY,86,97.172711,3070174.000000,,
BATTERY,86,97.172711,3070174.000000,,
BATTERY,86,97.171038,3071999.000000,,
BATTERY,86,97.171038,3071999.000000,,
BATTERY,86,97.168984,3074239.000000,,
BATTERY,86,97.168984,3074239.000000,,
BATTERY,86,97.165845,3077664.000000,,
BATTERY,86,97.165845,3077664.000000,,
BATTERY,86,96.749649,3531696.000000,,
BATTERY,86,96.749649,3531696.000000,,
BATTERY,86,96.747800,3533713.000000,,
BATTERY,86,96.747800,3533713.000000,,
BATTERY,86,96.745364,3536370.000000,,
BATTERY,86,96.745364,3536370.000000,,
BATTERY,86,96.742342,3539667.000000,,
BATTERY,86,96.742342,3539667.000000,,
BATTERY,86,95.831515,4533296.000000,,
BATTERY,86,95.831515,4533296.000000,,
BATTERY,86,95.829472,4535525.000000,,
BATTERY,86,95.829472,4535525.000000,,
BATTERY,86,95.827680,4537480.000000,,
BATTERY,86,95.827680,4537480.000000,,
BATTERY,86,95.826007,4539305.000000,,
BATTERY,86,95.826007,4539305.000000,,
BATTERY,86,95.824318,4541148.000000,,
BATTERY,86,95.824318,4541148.000000,,
BATTERY,86,95.822574,4543050.000000,,
BATTERY,86,95.822574,4543050.000000,,
BATTERY,86,95.820885,4544893.000000,,
BATTERY,86,95.820885,4544893.000000,,
BATTERY,86,95.819141,4546795.000000,,
BATTERY,86,95.819141,4546795.000000,,
BATTERY,86,95.817452,4548638.000000,,
BATTERY,86,95.817452,4548638.000000,,
BATTERY,86,95.815708,4550540.000000,,
BATTERY,86,95.815708,4550540.000000,,
BATTERY,86,95.815574,4550687.000000,,
BATTERY,86,95.811425,4552384.000000,,
BATTERY,86,95.809666,4554303.000000,,
BATTERY,86,95.809666,4554303.000000,,
BATTERY,86,95.808111,4556000.000000,,
BATTERY,86,95.808111,4556000.000000,,
BATTERY,86,95.806438,4557825.000000,,
BATTERY,86,95.806438,4557825.000000,,
BATTERY,86,95.804765,4559650.000000,,
BATTERY,86,95.804765,4559650.000000,,
BATTERY,86,95.803005,4561570.000000,,
BATTERY,86,95.803005,4561570.000000,,
BATTERY,86,95.801332,4563395.000000,,
BATTERY,86,95.801332,4563395.000000,,
BATTERY,86,95.799366,4565540.000000,,
BATTERY,86,95.799366,4565540.000000,,
BATTERY,86,95.797606,4567460.000000,,
BATTERY,86,95.797606,4567460.000000,,
BATTERY,86,95.795933,4569285.000000,,
BATTERY,86,95.795933,4569285.000000,,
BATTERY,86,93.995883,6532976.000000,,
BATTERY,86,93.995883,6532976.000000,,
BATTERY,86,93.993729,6535326.000000,,
BATTERY,86,93.993729,6535326.000000,,
BATTERY,86,93.992042,6537166.000000,,
BATTERY,86,93.992042,6537166.000000,,
BATTERY,86,93.991924,6537295.000000,,
BATTERY,86,93.987776,6538992.000000,,
BATTERY,86,93.986016,6540911.000000,,
BATTERY,86,93.986016,6540911.000000,,
BATTERY,86,93.984209,6542883.000000,,
BATTERY,86,93.984209,6542883.000000,,
BATTERY,86,93.982536,6544708.000000,,
BATTERY,86,93.982536,6544708.000000,,
BATTERY,86,93.980776,6546628.000000,,
BATTERY,86,93.980776,6546628.000000,,
BATTERY,86,93.979103,6548453.000000,,
BATTERY,86,93.979103,6548453.000000,,
BATTERY,86,93.977343,6550373.000000,,
BATTERY,86,93.977343,6550373.000000,,
BATTERY,86,93.975670,6552198.000000,,
BATTERY,86,93.975670,6552198.000000,,
BATTERY,86,93.973997,6554023.000000,,
BATTERY,86,93.973997,6554023.000000,,
BATTERY,86,93.971944,6556263.000000,,
BATTERY,86,93.971944,6556263.000000,,
BATTERY,86,93.970271,6558088.000000,,
BATTERY,86,93.970271,6558088.000000,,
BATTERY,86,93.968218,6560328.000000,,
BATTERY,86,93.968218,6560328.000000,,
BATTERY,86,93.966545,6562153.000000,,
BATTERY,86,93.966545,6562153.000000,,
BATTERY,86,93.964491,6564393.000000,,
BATTERY,86,93.964491,6564393.000000,,
BATTERY,86,93.962818,6566218.000000,,
BATTERY,86,93.962818,6566218.000000,,
BATTERY,86,93.959679,6569643.000000,,
BATTERY,86,93.959679,6569643.000000,,
BATTERY,86,93.957419,6572108.000000,,
BATTERY,86,93.957419,6572108.000000,,
BATTERY,86,93.077504,7532016.000000,,
BATTERY,86,93.077504,7532016.000000,,
BATTERY,86,93.075068,7534673.000000,,
BATTERY,86,93.075068,7534673.000000,,
BATTERY,86,93.072632,7537330.000000,,
BATTERY,86,93.072632,7537330.000000,,
BATTERY,86,93.069610,7540627.000000,,
BATTERY,86,93.069610,7540627.000000,,
BATTERY,86,92.159957,8532976.000000,,
BATTERY,86,92.159957,8532976.000000,,
BATTERY,86,92.157859,8535265.000000,,
BATTERY,86,92.157859,8535265.000000,,
BATTERY,86,92.156186,8537090.000000,,
BATTERY,86,92.156186,8537090.000000,,
BATTERY,86,92.154440,8538994.000000,,
BATTERY,86,92.154440,8538994.000000,,
BATTERY,86,92.152753,8540835.000000,,
BATTERY,86,92.152753,8540835.000000,,
BATTERY,86,92.151007,8542739.000000,,
BATTERY,86,92.151007,8542739.000000,,
BATTERY,86,92.149320,8544580.000000,,
BATTERY,86,92.149320,8544580.000000,,
BATTERY,86,92.147575,8546484.000000,,
BATTERY,86,92.147575,8546484.000000,,
BATTERY,86,92.147369,8546708.000000,,
BATTERY,86,92.143221,8548405.000000,,
BATTERY,86,92.141549,8550229.000000,,
BATTERY,86,92.141549,8550229.000000,,
BATTERY,86,92.139861,8552070.000000,,
BATTERY,86,92.139861,8552070.000000,,
BATTERY,86,92.138116,8553974.000000,,
BATTERY,86,92.138116,8553974.000000,,
BATTERY,86,92.136443,8555799.000000,,
BATTERY,86,92.136443,8555799.000000,,
BATTERY,86,92.134390,8558039.000000,,
BATTERY,86,92.134390,8558039.000000,,
BATTERY,86,92.132424,8560184.000000,,
BATTERY,86,92.132424,8560184.000000,,
BATTERY,86,92.130664,8562104.000000,,
BATTERY,86,92.130664,8562104.000000,,
BATTERY,86,92.128991,8563929.000000,,
BATTERY,86,92.128991,8563929.000000,,
BATTERY,86,92.126438,8566714.000000,,
BATTERY,86,92.126438,8566714.000000,,
BATTERY,86,92.123005,8570459.000000,,
BATTERY,86,92.123005,8570459.000000,,
BATTERY,86,90.323151,10533936.000000,,
BATTERY,86,90.323151,10533936.000000,,
BATTERY,86,90.321282,10535975.000000,,
BATTERY,86,90.321282,10535975.000000,,
BATTERY,86,90.319316,10538120.000000,,
BATTERY,86,90.319316,10538120.000000,,
BATTERY,86,90.317643,10539945.000000,,
BATTERY,86,90.317643,10539945.000000,,
BATTERY,86,90.315883,10541865.000000,,
BATTERY,86,90.315883,10541865.000000,,
BATTERY,86,90.314210,10543690.000000,,
BATTERY,86,90.314210,10543690.000000,,
BATTERY,86,90.312450,10545610.000000,,
BATTERY,86,90.312450,10545610.000000,,
BATTERY,86,90.310777,10547435.000000,,
BATTERY,86,90.310777,10547435.000000,,
BATTERY,86,90.309017,10549355.000000,,
BATTERY,86,90.309017,10549355.000000,,
BATTERY,86,90.307344,10551180.000000,,
BATTERY,86,90.307344,10551180.000000,,
BATTERY,86,90.305584,10553100.000000,,
BATTERY,86,90.305584,10553100.000000,,
BATTERY,86,90.303911,10554925.000000,,
BATTERY,86,90.303911,10554925.000000,,
BATTERY,86,90.302151,10556845.000000,,
BATTERY,86,90.302151,10556845.000000,,
BATTERY,86,90.300478,10558670.000000,,
BATTERY,86,90.300478,10558670.000000,,
BATTERY,86,90.298718,10560590.000000,,
BATTERY,86,90.298718,10560590.000000,,
BATTERY,86,90.297045,10562415.000000,,
BATTERY,86,90.297045,10562415.000000,,
BATTERY,86,90.295372,10564240.000000,,
BATTERY,86,90.295372,10564240.000000,,
BATTERY,86,90.293699,10566065.000000,,
BATTERY,86,90.293699,10566065.000000,,
BATTERY,86,90.291939,10567985.000000,,
BATTERY,86,90.291939,10567985.000000,,
BATTERY,86,90.290266,10569810.000000,,
BATTERY,86,90.290266,10569810.000000,,
BATTERY,86,90.290061,10570034.000000,,
BATTERY,86,90.285913,10571731.000000,,
BATTERY,86,90.283947,10573875.000000,,
BATTERY,86,90.283947,10573875.000000,,
BATTERY,86,90.281395,10576660.000000,,
BATTERY,86,90.281395,10576660.000000,,
BATTERY,86,85.738985,15532016.000000,,
BATTERY,86,85.738985,15532016.000000,,
BATTERY,86,85.737429,15533713.000000,,
BATTERY,86,85.737429,15533713.000000,,
BATTERY,86,85.735376,15535953.000000,,
BATTERY,86,85.735376,15535953.000000,,
BATTERY,86,85.733527,15537970.000000,,
BATTERY,86,85.733527,15537970.000000,,
BATTERY,86,84.822612,16531696.000000,,
BATTERY,86,84.822612,16531696.000000,,
BATTERY,86,84.812390,16542847.000000,,
BATTERY,86,84.812390,16542847.000000,,
BATTERY,86,82.988692,18532336.000000,,
BATTERY,86,82.988692,18532336.000000,,
BATTERY,86,82.988043,18533044.000000,,
BATTERY,86,82.983894,18534741.000000,,
BATTERY,86,82.982222,18536565.000000,,
BATTERY,86,82.982222,18536565.000000,,
BATTERY,86,82.980470,18538477.000000,,
BATTERY,86,82.980470,18538477.000000,,
BATTERY,86,82.978797,18540302.000000,,
BATTERY,86,82.978797,18540302.000000,,
BATTERY,86,82.977037,18542222.000000,,
BATTERY,86,82.977037,18542222.000000,,
BATTERY,86,82.975302,18544115.000000,,
BATTERY,86,82.975302,18544115.000000,,
BATTERY,86,82.973604,18545967.000000,,
BATTERY,86,82.973604,18545967.000000,,
BATTERY,86,82.971869,18547860.000000,,
BATTERY,86,82.971869,18547860.000000,,
BATTERY,86,82.970171,18549712.000000,,
BATTERY,86,82.970171,18549712.000000,,
BATTERY,86,82.968436,18551605.000000,,
BATTERY,86,82.968436,18551605.000000,,
BATTERY,86,82.966738,18553457.000000,,
BATTERY,86,82.966738,18553457.000000,,
BATTERY,86,82.965003,18555350.000000,,
BATTERY,86,82.965003,18555350.000000,,
BATTERY,86,82.963243,18557270.000000,,
BATTERY,86,82.963243,18557270.000000,,
BATTERY,86,82.961570,18559095.000000,,
BATTERY,86,82.961570,18559095.000000,,
BATTERY,86,82.959604,18561240.000000,,
BATTERY,86,82.959604,18561240.000000,,
BATTERY,86,82.957257,18563800.000000,,
BATTERY,86,82.957257,18563800.000000,,
BATTERY,86,82.954411,18566905.000000,,
BATTERY,86,82.954411,18566905.000000,,
BATTERY,86,76.570019,25531696.000000,,
BATTERY,86,76.570019,25531696.000000,,
BATTERY,86,76.568170,25533713.000000,,
BATTERY,86,76.568170,25533713.000000,,
BATTERY,86,76.565148,25537010.000000,,
BATTERY,86,76.565148,25537010.000000,,
BATTERY,86,76.563299,25539027.000000,,
BATTERY,86,76.563299,25539027.000000,,
BATTERY,86,75.652766,26532336.000000,,
BATTERY,86,75.652766,26532336.000000,,
BATTERY,86,75.644901,26540916.000000,,
BATTERY,86,75.644901,26540916.000000,,
BATTERY,86,73.819432,28532336.000000,,
BATTERY,86,73.819432,28532336.000000,,
BATTERY,86,73.817392,28534562.000000,,
BATTERY,86,73.817392,28534562.000000,,
BATTERY,86,73.815719,28536387.000000,,
BATTERY,86,73.815719,28536387.000000,,
BATTERY,86,73.813970,28538295.000000,,
BATTERY,86,73.813970,28538295.000000,,
BATTERY,86,73.812286,28540132.000000,,
BATTERY,86,73.812286,28540132.000000,,
BATTERY,86,73.810537,28542040.000000,,
BATTERY,86,73.810537,28542040.000000,,
BATTERY,86,73.808853,28543877.000000,,
BATTERY,86,73.808853,28543877.000000,,
BATTERY,86,73.808659,28544089.000000,,
BATTERY,86,73.804510,28545786.000000,,
BATTERY,86,73.802827,28547622.000000,,
BATTERY,86,73.802827,28547622.000000,,
BATTERY,86,73.801078,28549530.000000,,
BATTERY,86,73.801078,28549530.000000,,
BATTERY,86,73.799395,28551367.000000,,
BATTERY,86,73.799395,28551367.000000,,
BATTERY,86,73.797646,28553275.000000,,
BATTERY,86,73.797646,28553275.000000,,
BATTERY,86,73.795962,28555112.000000,,
BATTERY,86,73.795962,28555112.000000,,
BATTERY,86,73.794289,28556937.000000,,
BATTERY,86,73.794289,28556937.000000,,
BATTERY,86,73.792529,28558857.000000,,
BATTERY,86,73.792529,28558857.000000,,
BATTERY,86,73.790562,28561002.000000,,
BATTERY,86,73.790562,28561002.000000,,
BATTERY,86,73.788890,28562827.000000,,
BATTERY,86,73.788890,28562827.000000,,
BATTERY,86,73.785663,28566347.000000,,
BATTERY,86,73.785663,28566347.000000,,
BATTERY,86,73.782817,28569452.000000,,
BATTERY,86,73.782817,28569452.000000,,
BATTERY,86,67.400466,35532016.000000,,
BATTERY,86,67.400466,35532016.000000,,
BATTERY,86,67.397151,35535633.000000,,
BATTERY,86,67.397151,35535633.000000,,
BATTERY,86,67.394422,35538610.000000,,
BATTERY,86,67.394422,35538610.000000,,
BATTERY,86,67.391693,35541587.000000,,
BATTERY,86,67.391693,35541587.000000,,
BATTERY,86,66.484093,36531696.000000,,
BATTERY,86,66.484093,36531696.000000,,
BATTERY,86,66.480246,36535893.000000,,
BATTERY,86,66.480246,36535893.000000,,
BATTERY,86,64.650760,38531696.000000,,
BATTERY,86,64.650760,38531696.000000,,
BATTERY,86,64.647673,38535063.000000,,
BATTERY,86,64.647673,38535063.000000,,
BATTERY,86,64.645982,38536908.000000,,
BATTERY,86,64.645982,38536908.000000,,
BATTERY,86,64.644252,38538795.000000,,
BATTERY,86,64.644252,38538795.000000,,
BATTERY,86,64.642549,38540653.000000,,
BATTERY,86,64.642549,38540653.000000,,
BATTERY,86,64.640773,38542591.000000,,
BATTERY,86,64.640773,38542591.000000,,
BATTERY,86,64.640567,38542815.000000,,
BATTERY,86,64.636419,38544512.000000,,
BATTERY,86,64.634747,38546336.000000,,
BATTERY,86,64.634747,38546336.000000,,
BATTERY,86,64.633074,38548161.000000,,
BATTERY,86,64.633074,38548161.000000,,
BATTERY,86,64.631314,38550081.000000,,
BATTERY,86,64.631314,38550081.000000,,
BATTERY,86,64.629641,38551906.000000,,
BATTERY,86,64.629641,38551906.000000,,
BATTERY,86,64.627881,38553826.000000,,
BATTERY,86,64.627881,38553826.000000,,
BATTERY,86,64.626208,38555651.000000,,
BATTERY,86,64.626208,38555651.000000,,
BATTERY,86,64.624448,38557571.000000,,
BATTERY,86,64.624448,38557571.000000,,
BATTERY,86,64.622775,38559396.000000,,
BATTERY,86,64.622775,38559396.000000,,
BATTERY,86,64.620722,38561636.000000,,
BATTERY,86,64.620722,38561636.000000,,
BATTERY,86,64.618962,38563556.000000,,
BATTERY,86,64.618962,38563556.000000,,
BATTERY,86,64.616702,38566021.000000,,
BATTERY,86,64.616702,38566021.000000,,
BATTERY,86,64.614736,38568166.000000,,
BATTERY,86,64.614736,38568166.000000,,
BATTERY,86,64.613063,38569991.000000,,
BATTERY,86,64.613063,38569991.000000,,
BATTERY,86,64.611303,38571911.000000,,
BATTERY,86,64.611303,38571911.000000,,
BATTERY,86,64.607870,38575656.000000,,
BATTERY,86,64.607870,38575656.000000,,
BATTERY,86,58.231500,45531696.000000,,
BATTERY,86,58.231500,45531696.000000,,
BATTERY,86,58.229740,45533616.000000,,
BATTERY,86,58.229740,45533616.000000,,
BATTERY,86,57.313367,46533296.000000,,
BATTERY,86,57.313367,46533296.000000,,
BATTERY,86,57.302785,46544840.000000,,
BATTERY,86,57.302785,46544840.000000,,
BATTERY,86,55.480914,48532336.000000,,
BATTERY,86,55.480914,48532336.000000,,
BATTERY,86,55.478979,48534447.000000,,
BATTERY,86,55.478979,48534447.000000,,
BATTERY,86,55.477306,48536272.000000,,
BATTERY,86,55.477306,48536272.000000,,
BATTERY,86,55.475633,48538097.000000,,
BATTERY,86,55.475633,48538097.000000,,
BATTERY,86,55.473873,48540017.000000,,
BATTERY,86,55.473873,48540017.000000,,
BATTERY,86,55.472200,48541842.000000,,
BATTERY,86,55.472200,48541842.000000,,
BATTERY,86,55.471917,48542151.000000,,
BATTERY,86,55.467768,48543848.000000,,
BATTERY,86,55.466096,48545672.000000,,
BATTERY,86,55.466096,48545672.000000,,
BATTERY,86,55.464336,48547592.000000,,
BATTERY,86,55.464336,48547592.000000,,
BATTERY,86,55.462663,48549417.000000,,
BATTERY,86,55.462663,48549417.000000,,
BATTERY,86,55.460903,48551337.000000,,
BATTERY,86,55.460903,48551337.000000,,
BATTERY,86,55.459143,48553257.000000,,
BATTERY,86,55.459143,48553257.000000,,
BATTERY,86,55.457471,48555082.000000,,
BATTERY,86,55.457471,48555082.000000,,
BATTERY,86,55.455798,48556907.000000,,
BATTERY,86,55.455798,48556907.000000,,
BATTERY,86,55.453744,48559147.000000,,
BATTERY,86,55.453744,48559147.000000,,
BATTERY,86,55.452071,48560972.000000,,
BATTERY,86,55.452071,48560972.000000,,
BATTERY,86,55.450018,48563212.000000,,
BATTERY,86,55.450018,48563212.000000,,
BATTERY,86,55.447758,48565677.000000,,
BATTERY,86,55.447758,48565677.000000,,
BATTERY,86,55.445206,48568462.000000,,
BATTERY,86,55.445206,48568462.000000,,
BATTERY,86,55.442653,48571247.000000,,
BATTERY,86,55.442653,48571247.000000,,
BATTERY,86,55.440686,48573392.000000,,
BATTERY,86,55.440686,48573392.000000,,
BATTERY,86,49.062241,55531696.000000,,
BATTERY,86,49.062241,55531696.000000,,
BATTERY,86,49.060392,55533713.000000,,
BATTERY,86,49.060392,55533713.000000,,
BATTERY,86,49.057957,55536370.000000,,
BATTERY,86,49.057957,55536370.000000,,
BATTERY,86,48.145574,56531696.000000,,
BATTERY,86,48.145574,56531696.000000,,
BATTERY,86,48.135256,56542952.000000,,
BATTERY,86,48.135256,56542952.000000,,
BATTERY,86,46.310481,58533616.000000,,
BATTERY,86,46.310481,58533616.000000,,
BATTERY,86,46.308730,58535526.000000,,
BATTERY,86,46.308730,58535526.000000,,
BATTERY,86,46.306984,58537431.000000,,
BATTERY,86,46.306984,58537431.000000,,
BATTERY,86,46.305311,58539256.000000,,
BATTERY,86,46.305311,58539256.000000,,
BATTERY,86,46.303624,58541096.000000,,
BATTERY,86,46.303624,58541096.000000,,
BATTERY,86,46.301849,58543033.000000,,
BATTERY,86,46.301849,58543033.000000,,
BATTERY,86,46.301691,58543205.000000,,
BATTERY,86,46.297543,58544902.000000,,
BATTERY,86,46.295823,58546778.000000,,
BATTERY,86,46.295823,58546778.000000,,
BATTERY,86,46.294080,58548680.000000,,
BATTERY,86,46.294080,58548680.000000,,
BATTERY,86,46.292390,58550523.000000,,
BATTERY,86,46.292390,58550523.000000,,
BATTERY,86,46.290647,58552425.000000,,
BATTERY,86,46.290647,58552425.000000,,
BATTERY,86,46.288957,58554268.000000,,
BATTERY,86,46.288957,58554268.000000,,
BATTERY,86,46.287214,58556170.000000,,
BATTERY,86,46.287214,58556170.000000,,
BATTERY,86,46.285524,58558013.000000,,
BATTERY,86,46.285524,58558013.000000,,
BATTERY,86,46.283488,58560235.000000,,
BATTERY,86,46.283488,58560235.000000,,
BATTERY,86,46.281728,58562155.000000,,
BATTERY,86,46.281728,58562155.000000,,
BATTERY,86,46.280055,58563980.000000,,
BATTERY,86,46.280055,58563980.000000,,
BATTERY,86,46.277779,58566463.000000,,
BATTERY,86,46.277779,58566463.000000,,
BATTERY,86,46.275812,58568608.000000,,
BATTERY,86,46.275812,58568608.000000,,
BATTERY,86,46.273846,58570753.000000,,
BATTERY,86,46.273846,58570753.000000,,
BATTERY,86,39.892102,65532656.000000,,
BATTERY,86,39.892102,65532656.000000,,
BATTERY,86,39.889959,65534993.000000,,
BATTERY,86,39.889959,65534993.000000,,
BATTERY,86,39.886644,65538610.000000,,
BATTERY,86,39.886644,65538610.000000,,
BATTERY,86,38.974262,66533936.000000,,
BATTERY,86,38.974262,66533936.000000,,
BATTERY,86,38.968064,66540697.000000,,
BATTERY,86,38.968064,66540697.000000,,
BATTERY,86,37.142982,68531696.000000,,
BATTERY,86,37.142982,68531696.000000,,
BATTERY,86,37.140912,68533954.000000,,
BATTERY,86,37.140912,68533954.000000,,
BATTERY,86,37.139181,68535842.000000,,
BATTERY,86,37.139181,68535842.000000,,
BATTERY,86,37.137508,68537667.000000,,
BATTERY,86,37.137508,68537667.000000,,
BATTERY,86,37.135748,68539587.000000,,
BATTERY,86,37.135748,68539587.000000,,
BATTERY,86,37.134075,68541412.000000,,
BATTERY,86,37.134075,68541412.000000,,
BATTERY,86,37.132315,68543332.000000,,
BATTERY,86,37.132315,68543332.000000,,
BATTERY,86,37.130502,68545310.000000,,
BATTERY,86,37.130502,68545310.000000,,
BATTERY,86,37.128829,68547135.000000,,
BATTERY,86,37.128829,68547135.000000,,
BATTERY,86,37.127069,68549055.000000,,
BATTERY,86,37.127069,68549055.000000,,
BATTERY,86,37.126864,68549279.000000,,
BATTERY,86,37.122716,68550976.000000,,
BATTERY,86,37.120750,68553120.000000,,
BATTERY,86,37.120750,68553120.000000,,
BATTERY,86,37.119078,68554945.000000,,
BATTERY,86,37.119078,68554945.000000,,
BATTERY,86,37.117318,68556865.000000,,
BATTERY,86,37.117318,68556865.000000,,
BATTERY,86,37.115645,68558690.000000,,
BATTERY,86,37.115645,68558690.000000,,
BATTERY,86,37.113972,68560515.000000,,
BATTERY,86,37.113972,68560515.000000,,
BATTERY,86,37.112212,68562435.000000,,
BATTERY,86,37.112212,68562435.000000,,
BATTERY,86,37.110452,68564355.000000,,
BATTERY,86,37.110452,68564355.000000,,
BATTERY,86,37.108779,68566180.000000,,
BATTERY,86,37.108779,68566180.000000,,
BATTERY,86,37.107019,68568100.000000,,
BATTERY,86,37.107019,68568100.000000,,
BATTERY,86,30.723722,75531696.000000,,
BATTERY,86,30.723722,75531696.000000,,
BATTERY,86,30.721962,75533616.000000,,
BATTERY,86,30.721962,75533616.000000,,
BATTERY,86,30.720114,75535633.000000,,
BATTERY,86,30.720114,75535633.000000,,
BATTERY,86,29.806176,76532656.000000,,
BATTERY,86,29.806176,76532656.000000,,
BATTERY,86,29.796111,76543636.000000,,
BATTERY,86,29.796111,76543636.000000,,
BATTERY,86,27.973136,78532336.000000,,
BATTERY,86,27.973136,78532336.000000,,
BATTERY,86,27.970999,78534667.000000,,
BATTERY,86,27.970999,78534667.000000,,
BATTERY,86,27.969033,78536812.000000,,
BATTERY,86,27.969033,78536812.000000,,
BATTERY,86,27.968747,78537124.000000,,
BATTERY,86,27.964599,78538821.000000,,
BATTERY,86,27.962927,78540645.000000,,
BATTERY,86,27.962927,78540645.000000,,
BATTERY,86,27.961254,78542470.000000,,
BATTERY,86,27.961254,78542470.000000,,
BATTERY,86,27.959494,78544390.000000,,
BATTERY,86,27.959494,78544390.000000,,
BATTERY,86,27.957821,78546215.000000,,
BATTERY,86,27.957821,78546215.000000,,
BATTERY,86,27.956061,78548135.000000,,
BATTERY,86,27.956061,78548135.000000,,
BATTERY,86,27.954388,78549960.000000,,
BATTERY,86,27.954388,78549960.000000,,
BATTERY,86,27.952628,78551880.000000,,
BATTERY,86,27.952628,78551880.000000,,
BATTERY,86,27.950955,78553705.000000,,
BATTERY,86,27.950955,78553705.000000,,
BATTERY,86,27.949195,78555625.000000,,
BATTERY,86,27.949195,78555625.000000,,
BATTERY,86,27.947522,78557450.000000,,
BATTERY,86,27.947522,78557450.000000,,
BATTERY,86,27.945762,78559370.000000,,
BATTERY,86,27.945762,78559370.000000,,
BATTERY,86,27.944002,78561290.000000,,
BATTERY,86,27.944002,78561290.000000,,
BATTERY,86,27.940569,78565035.000000,,
BATTERY,86,27.940569,78565035.000000,,
BATTERY,86,21.554170,85532016.000000,,
BATTERY,86,21.554170,85532016.000000,,
BATTERY,86,21.552614,85533713.000000,,
BATTERY,86,21.552614,85533713.000000,,
BATTERY,86,21.550561,85535953.000000,,
BATTERY,86,21.550561,85535953.000000,,
BATTERY,86,20.637210,86532336.000000,,
BATTERY,86,20.637210,86532336.000000,,
BATTERY,86,20.629948,86540258.000000,,
BATTERY,86,20.629948,86540258.000000,,
BATTERY,86,18.802410,88533936.000000,,
BATTERY,86,18.802410,88533936.000000,,
BATTERY,86,18.799599,88537002.000000,,
BATTERY,86,18.799599,88537002.000000,,
BATTERY,86,18.797872,88538886.000000,,
BATTERY,86,18.797872,88538886.000000,,
BATTERY,86,18.796199,88540711.000000,,
BATTERY,86,18.796199,88540711.000000,,
BATTERY,86,18.794526,88542536.000000,,
BATTERY,86,18.794526,88542536.000000,,
BATTERY,86,18.792766,88544456.000000,,
BATTERY,86,18.792766,88544456.000000,,
BATTERY,86,18.791094,88546281.000000,,
BATTERY,86,18.791094,88546281.000000,,
BATTERY,86,18.789334,88548201.000000,,
BATTERY,86,18.789334,88548201.000000,,
BATTERY,86,18.787661,88550026.000000,,
BATTERY,86,18.787661,88550026.000000,,
BATTERY,86,18.785901,88551946.000000,,
BATTERY,86,18.785901,88551946.000000,,
BATTERY,86,18.784228,88553771.000000,,
BATTERY,86,18.784228,88553771.000000,,
BATTERY,86,18.782468,88555691.000000,,
BATTERY,86,18.782468,88555691.000000,,
BATTERY,86,18.780795,88557516.000000,,
BATTERY,86,18.780795,88557516.000000,,
BATTERY,86,18.779035,88559436.000000,,
BATTERY,86,18.779035,88559436.000000,,
BATTERY,86,18.777362,88561261.000000,,
BATTERY,86,18.777362,88561261.000000,,
BATTERY,86,18.777244,88561390.000000,,
BATTERY,86,18.773095,88563087.000000,,
BATTERY,86,18.771043,88565326.000000,,
BATTERY,86,18.771043,88565326.000000,,
BATTERY,86,18.768490,88568111.000000,,
BATTERY,86,18.768490,88568111.000000,,
BATTERY,86,18.765057,88571856.000000,,
BATTERY,86,18.765057,88571856.000000,,
BATTERY,86,12.385204,95531696.000000,,
BATTERY,86,12.385204,95531696.000000,,
BATTERY,86,12.383648,95533393.000000,,
BATTERY,86,12.383648,95533393.000000,,
BATTERY,86,12.381213,95536050.000000,,
BATTERY,86,12.381213,95536050.000000,,
BATTERY,86,12.378190,95539347.000000,,
BATTERY,86,12.378190,95539347.000000,,
BATTERY,86,11.467950,96532336.000000,,
BATTERY,86,11.467950,96532336.000000,,
BATTERY,86,11.458029,96543159.000000,,
BATTERY,86,11.458029,96543159.000000,,
BATTERY,86,9.634617,98532336.000000,,
BATTERY,86,9.634617,98532336.000000,,
BATTERY,86,9.632215,98534957.000000,,
BATTERY,86,9.632215,98534957.000000,,
BATTERY,86,9.630334,98537009.000000,,
BATTERY,86,9.630334,98537009.000000,,
BATTERY,86,9.630058,98537310.000000,,
BATTERY,86,9.625909,98539007.000000,,
BATTERY,86,9.624215,98540856.000000,,
BATTERY,86,9.624215,98540856.000000,,
BATTERY,86,9.622477,98542751.000000,,
BATTERY,86,9.622477,98542751.000000,,
BATTERY,86,9.620694,98544697.000000,,
BATTERY,86,9.620694,98544697.000000,,
BATTERY,86,9.619021,98546522.000000,,
BATTERY,86,9.619021,98546522.000000,,
BATTERY,86,9.617261,98548442.000000,,
BATTERY,86,9.617261,98548442.000000,,
BATTERY,86,9.615588,98550267.000000,,
BATTERY,86,9.615588,98550267.000000,,
BATTERY,86,9.613828,98552187.000000,,
BATTERY,86,9.613828,98552187.000000,,
BATTERY,86,9.612155,98554012.000000,,
BATTERY,86,9.612155,98554012.000000,,
BATTERY,86,9.610395,98555932.000000,,
BATTERY,86,9.610395,98555932.000000,,
BATTERY,86,9.608342,98558172.000000,,
BATTERY,86,9.608342,98558172.000000,,
BATTERY,86,9.606669,98559997.000000,,
BATTERY,86,9.606669,98559997.000000,,
BATTERY,86,9.604996,98561822.000000,,
BATTERY,86,9.604996,98561822.000000,,
BATTERY,86,9.601563,98565567.000000,,
BATTERY,86,9.601563,98565567.000000,,
BATTERY,86,3.215945,105531696.000000,,
BATTERY,86,3.215945,105531696.000000,,
BATTERY,86,3.213216,105534673.000000,,
BATTERY,86,3.213216,105534673.000000,,
BATTERY,86,3.211073,105537010.000000,,
BATTERY,86,3.211073,105537010.000000,,
BATTERY,86,2.299278,106531696.000000,,
BATTERY,86,2.299278,106531696.000000,,
BATTERY,86,2.289836,106541996.000000,,
BATTERY,86,2.289836,106541996.000000,,
BATTERY,86,0.464478,108533296.000000,,
BATTERY,86,0.464478,108533296.000000,,
BATTERY,86,0.462290,108535683.000000,,
BATTERY,86,0.462290,108535683.000000,,
BATTERY,86,0.460030,108538148.000000,,
BATTERY,86,0.460030,108538148.000000,,
BATTERY,86,0.458357,108539973.000000,,
BATTERY,86,0.458357,108539973.000000,,
BATTERY,86,0.456684,108541798.000000,,
BATTERY,86,0.456684,108541798.000000,,
BATTERY,86,0.454924,108543718.000000,,
BATTERY,86,0.454924,108543718.000000,,
BATTERY,86,0.453251,108545543.000000,,
BATTERY,86,0.453251,108545543.000000,,
BATTERY,86,0.451491,108547463.000000,,
BATTERY,86,0.451491,108547463.000000,,
BATTERY,86,0.449819,108549288.000000,,
BATTERY,86,0.449819,108549288.000000,,
BATTERY,86,0.448059,108551208.000000,,
BATTERY,86,0.448059,108551208.000000,,
BATTERY,86,0.446386,108553033.000000,,
BATTERY,86,0.446386,108553033.000000,,
BATTERY,86,0.446180,108553257.000000,,
BATTERY,86,0.442032,108554954.000000,,
BATTERY,86,0.440273,108556873.000000,,
BATTERY,86,0.440273,108556873.000000,,
BATTERY,86,0.438600,108558698.000000,,
BATTERY,86,0.438600,108558698.000000,,
BATTERY,86,0.436927,108560523.000000,,
BATTERY,86,0.436927,108560523.000000,,
BATTERY,86,0.434580,108563083.000000,,
BATTERY,86,0.434580,108563083.000000,,
BATTERY,86,0.431148,108566828.000000,,
BATTERY,86,0.431148,108566828.000000,,
BATTERY,86,0.000000,116002336.000000,,
BATTERY,86,0.000000,499530000.000000,,
