BATTERY,53,99.997947,2016.000000,,
BATTERY,53,99.997947,2016.000000,,
BATTERY,53,99.996218,3713.000000,,
BATTERY,53,99.996218,3713.000000,,
BATTERY,53,99.994164,5730.000000,,
BATTERY,53,99.994164,5730.000000,,
BATTERY,53,99.992435,7427.000000,,
BATTERY,53,99.992435,7427.000000,,
BATTERY,53,99.988426,11364.000000,,
BATTERY,53,99.988426,11364.000000,,
BATTERY,53,99.967391,32016.000000,,
BATTERY,53,99.967391,32016.000000,,
BATTERY,53,99.965663,33713.000000,,
BATTERY,53,99.965663,33713.000000,,
BATTERY,53,99.963934,35410.000000,,
BATTERY,53,99.963934,35410.000000,,
BATTERY,53,99.961750,37555.000000,,
BATTERY,53,99.961750,37555.000000,,
BATTERY,53,99.959891,39380.000000,,
BATTERY,53,99.959891,39380.000000,,
BATTERY,53,99.957935,41300.000000,,
BATTERY,53,99.957935,41300.000000,,
BATTERY,53,99.956049,43152.000000,,
BATTERY,53,99.956049,43152.000000,,
BATTERY,53,99.954121,45045.000000,,
BATTERY,53,99.954121,45045.000000,,
BATTERY,53,99.952235,46897.000000,,
BATTERY,53,99.952235,46897.000000,,
BATTERY,53,99.950306,48790.000000,,
BATTERY,53,99.950306,48790.000000,,
BATTERY,53,99.948420,50642.000000,,
BATTERY,53,99.948420,50642.000000,,
BATTERY,53,99.946492,52535.000000,,
BATTERY,53,99.946492,52535.000000,,
BATTERY,53,99.944606,54387.000000,,
BATTERY,53,99.944606,54387.000000,,
BATTERY,53,99.942678,56280.000000,,
BATTERY,53,99.942678,56280.000000,,
BATTERY,53,99.940791,58132.000000,,
BATTERY,53,99.940791,58132.000000,,
BATTERY,53,99.938863,60025.000000,,
BATTERY,53,99.938863,60025.000000,,
BATTERY,53,99.938705,60181.000000,,
BATTERY,53,99.934095,61878.000000,,
BATTERY,53,99.932141,63797.000000,,
BATTERY,53,99.932141,63797.000000,,
BATTERY,53,99.929956,65942.000000,,
BATTERY,53,99.929956,65942.000000,,
BATTERY,53,99.928001,67862.000000,,
BATTERY,53,99.928001,67862.000000,,
BATTERY,53,99.455577,531696.000000,,
BATTERY,53,99.455577,531696.000000,,
BATTERY,53,99.453665,533573.000000,,
BATTERY,53,99.453665,533573.000000,,
BATTERY,53,99.451893,535313.000000,,
BATTERY,53,99.451893,535313.000000,,
BATTERY,53,99.450034,537138.000000,,
BATTERY,53,99.450034,537138.000000,,
BATTERY,53,99.448060,539076.000000,,
BATTERY,53,99.448060,539076.000000,,
BATTERY,53,99.446202,540901.000000,,
BATTERY,53,99.446202,540901.000000,,
BATTERY,53,99.444165,542901.000000,,
BATTERY,53,99.444165,542901.000000,,
BATTERY,53,99.442306,544726.000000,,
BATTERY,53,99.442306,544726.000000,,
BATTERY,53,99.440350,546646.000000,,
BATTERY,53,99.440350,546646.000000,,
BATTERY,53,99.438491,548471.000000,,
BATTERY,53,99.438491,548471.000000,,
BATTERY,53,99.436536,550391.000000,,
BATTERY,53,99.436536,550391.000000,,
BATTERY,53,99.434677,552216.000000,,
BATTERY,53,99.434677,552216.000000,,
BATTERY,53,99.432722,554136.000000,,
BATTERY,53,99.432722,554136.000000,,
BATTERY,53,99.432493,554360.000000,,
BATTERY,53,99.427884,556057.000000,,
BATTERY,53,99.426026,557881.000000,,
BATTERY,53,99.426026,557881.000000,,
BATTERY,53,99.424168,559706.000000,,
BATTERY,53,99.424168,559706.000000,,
BATTERY,53,99.422212,561626.000000,,
BATTERY,53,99.422212,561626.000000,,
BATTERY,53,99.420353,563451.000000,,
BATTERY,53,99.420353,563451.000000,,
BATTERY,53,99.418202,565563.000000,,
BATTERY,53,99.418202,565563.000000,,
BATTERY,53,99.416343,567388.000000,,
BATTERY,53,99.416343,567388.000000,,
BATTERY,53,99.414159,569533.000000,,
BATTERY,53,99.414159,569533.000000,,
BATTERY,53,98.973667,1002016.000000,,
BATTERY,53,98.973667,1002016.000000,,
BATTERY,53,98.943111,1032016.000000,,
BATTERY,53,98.943111,1032016.000000,,
BATTERY,53,98.433852,1532016.000000,,
BATTERY,53,98.433852,1532016.000000,,
BATTERY,53,98.431803,1534028.000000,,
BATTERY,53,98.431803,1534028.000000,,
BATTERY,53,98.429944,1535853.000000,,
BATTERY,53,98.429944,1535853.000000,,
BATTERY,53,98.427989,1537772.000000,,
BATTERY,53,98.427989,1537772.000000,,
BATTERY,53,98.426130,1539598.000000,,
BATTERY,53,98.426130,1539598.000000,,
BATTERY,53,98.424175,1541517.000000,,
BATTERY,53,98.424175,1541517.000000,,
BATTERY,53,98.422315,1543343.000000,,
BATTERY,53,98.422315,1543343.000000,,
BATTERY,53,98.422088,1543566.000000,,
BATTERY,53,98.417479,1545263.000000,,
BATTERY,53,98.415620,1547088.000000,,
BATTERY,53,98.415620,1547088.000000,,
BATTERY,53,98.413666,1549007.000000,,
BATTERY,53,98.413666,1549007.000000,,
BATTERY,53,98.411806,1550833.000000,,
BATTERY,53,98.411806,1550833.000000,,
BATTERY,53,98.409851,1552752.000000,,
BATTERY,53,98.409851,1552752.000000,,
BATTERY,53,98.407992,1554577.000000,,
BATTERY,53,98.407992,1554577.000000,,
BATTERY,53,98.406037,1556497.000000,,
BATTERY,53,98.406037,1556497.000000,,
BATTERY,53,98.404178,1558322.000000,,
BATTERY,53,98.404178,1558322.000000,,
BATTERY,53,98.401993,1560467.000000,,
BATTERY,53,98.401993,1560467.000000,,
BATTERY,53,98.400038,1562387.000000,,
BATTERY,53,98.400038,1562387.000000,,
BATTERY,53,98.397201,1565172.000000,,
BATTERY,53,98.397201,1565172.000000,,
BATTERY,53,98.384261,1577877.000000,,
BATTERY,53,98.384261,1577877.000000,,
BATTERY,53,97.411801,2532656.000000,,
BATTERY,53,97.411801,2532656.000000,,
BATTERY,53,97.409876,2534546.000000,,
BATTERY,53,97.409876,2534546.000000,,
BATTERY,53,97.408000,2536388.000000,,
BATTERY,53,97.408000,2536388.000000,,
BATTERY,53,97.406005,2538346.000000,,
BATTERY,53,97.406005,2538346.000000,,
BATTERY,53,97.405777,2538570.000000,,
BATTERY,53,97.401168,2540267.000000,,
BATTERY,53,97.399310,2542091.000000,,
BATTERY,53,97.399310,2542091.000000,,
BATTERY,53,97.397452,2543916.000000,,
BATTERY,53,97.397452,2543916.000000,,
BATTERY,53,97.395496,2545836.000000,,
BATTERY,53,97.395496,2545836.000000,,
BATTERY,53,97.393637,2547661.000000,,
BATTERY,53,97.393637,2547661.000000,,
BATTERY,53,97.391682,2549581.000000,,
BATTERY,53,97.391682,2549581.000000,,
BATTERY,53,97.389823,2551406.000000,,
BATTERY,53,97.389823,2551406.000000,,
BATTERY,53,97.387867,2553326.000000,,
BATTERY,53,97.387867,2553326.000000,,
BATTERY,53,97.386009,2555151.000000,,
BATTERY,53,97.386009,2555151.000000,,
BATTERY,53,97.384053,2557071.000000,,
BATTERY,53,97.384053,2557071.000000,,
BATTERY,53,97.382194,2558896.000000,,
BATTERY,53,97.382194,2558896.000000,,
BATTERY,53,97.380239,2560816.000000,,
BATTERY,53,97.380239,2560816.000000,,
BATTERY,53,97.378380,2562641.000000,,
BATTERY,53,97.378380,2562641.000000,,
BATTERY,53,97.376424,2564561.000000,,
BATTERY,53,97.376424,2564561.000000,,
BATTERY,53,97.374565,2566386.000000,,
BATTERY,53,97.374565,2566386.000000,,
BATTERY,53,97.371729,2569171.000000,,
BATTERY,53,97.371729,2569171.000000,,
BATTERY,53,97.369544,2571316.000000,,
BATTERY,53,97.369544,2571316.000000,,
BATTERY,53,96.930868,3002016.000000,,
BATTERY,53,96.930868,3002016.000000,,
BATTERY,53,96.899335,3032976.000000,,
BATTERY,53,96.899335,3032976.000000,,
BATTERY,53,96.897791,3034492.000000,,
BATTERY,53,96.893182,3036189.000000,,
BATTERY,53,96.891324,3038013.000000,,
BATTERY,53,96.891324,3038013.000000,,
BATTERY,53,96.889295,3040005.000000,,
BATTERY,53,96.889295,3040005.000000,,
BATTERY,53,96.887260,3042003.000000,,
BATTERY,53,96.887260,3042003.000000,,
BATTERY,53,96.885401,3043828.000000,,
BATTERY,53,96.885401,3043828.000000,,
BATTERY,53,96.883446,3045748.000000,,
BATTERY,53,96.883446,3045748.000000,,
BATTERY,53,96.881453,3047704.000000,,
BATTERY,53,96.881453,3047704.000000,,
BATTERY,53,96.879595,3049529.000000,,
BATTERY,53,96.879595,3049529.000000,,
BATTERY,53,96.877639,3051449.000000,,
BATTERY,53,96.877639,3051449.000000,,
BATTERY,53,96.875780,3053274.000000,,
BATTERY,53,96.875780,3053274.000000,,
BATTERY,53,96.873825,3055194.000000,,
BATTERY,53,96.873825,3055194.000000,,
BATTERY,53,96.871966,3057019.000000,,
BATTERY,53,96.871966,3057019.000000,,
BATTERY,53,96.870010,3058939.000000,,
BATTERY,53,96.870010,3058939.000000,,
BATTERY,53,96.868152,3060764.000000,,
BATTERY,53,96.868152,3060764.000000,,
BATTERY,53,96.866196,3062684.000000,,
BATTERY,53,96.866196,3062684.000000,,
BATTERY,53,96.864241,3064604.000000,,
BATTERY,53,96.864241,3064604.000000,,
BATTERY,53,96.862382,3066429.000000,,
BATTERY,53,96.862382,3066429.000000,,
BATTERY,53,96.860523,3068254.000000,,
BATTERY,53,96.860523,3068254.000000,,
BATTERY,53,96.858567,3070174.000000,,
BATTERY,53,96.858567,3070174.000000,,
BATTERY,53,96.856709,3071999.000000,,
BATTERY,53,96.856709,3071999.000000,,
BATTERY,53,96.854427,3074239.000000,,
BATTERY,53,96.854427,3074239.000000,,
BATTERY,53,96.850939,3077664.000000,,
BATTERY,53,96.850939,3077664.000000,,
BATTERY,53,96.388499,3531696.000000,,
BATTERY,53,96.388499,3531696.000000,,
BATTERY,53,96.386444,3533713.000000,,
BATTERY,53,96.386444,3533713.000000,,
BATTERY,53,96.383738,3536370.000000,,
BATTERY,53,96.383738,3536370.000000,,
BATTERY,53,96.380380,3539667.000000,,
BATTERY,53,96.380380,3539667.000000,,
BATTERY,53,95.368351,4533296.000000,,
BATTERY,53,95.368351,4533296.000000,,
BATTERY,53,95.366080,4535525.000000,,
BATTERY,53,95.366080,4535525.000000,,
BATTERY,53,95.364089,4537480.000000,,
BATTERY,53,95.364089,4537480.000000,,
BATTERY,53,95.362230,4539305.000000,,
BATTERY,53,95.362230,4539305.000000,,
BATTERY,53,95.360353,4541148.000000,,
BATTERY,53,95.360353,4541148.000000,,
BATTERY,53,95.358416,4543050.000000,,
BATTERY,53,95.358416,4543050.000000,,
BATTERY,53,95.356539,4544893.000000,,
BATTERY,53,95.356539,4544893.000000,,
BATTERY,53,95.354602,4546795.000000,,
BATTERY,53,95.354602,4546795.000000,,
BATTERY,53,95.352724,4548638.000000,,
BATTERY,53,95.352724,4548638.000000,,
BATTERY,53,95.350787,4550540.000000,,
BATTERY,53,95.350787,4550540.000000,,
BATTERY,53,95.350637,4550687.000000,,
BATTERY,53,95.346028,4552384.000000,,
BATTERY,53,95.344074,4554303.000000,,
BATTERY,53,95.344074,4554303.000000,,
BATTERY,53,95.342345,4556000.000000,,
BATTERY,53,95.342345,4556000.000000,,
BATTERY,53,95.340487,4557825.000000,,
BATTERY,53,95.340487,4557825.000000,,
BATTERY,53,95.338628,4559650.000000,,
BATTERY,53,95.338628,4559650.000000,,
BATTERY,53,95.336672,4561570.000000,,
BATTERY,53,95.336672,4561570.000000,,
BATTERY,53,95.334813,4563395.000000,,
BATTERY,53,95.334813,4563395.000000,,
BATTERY,53,95.332629,4565540.000000,,
BATTERY,53,95.332629,4565540.000000,,
BATTERY,53,95.330673,4567460.000000,,
BATTERY,53,95.330673,4567460.000000,,
BATTERY,53,95.328814,4569285.000000,,
BATTERY,53,95.328814,4569285.000000,,
BATTERY,53,93.328759,6532976.000000,,
BATTERY,53,93.328759,6532976.000000,,
BATTERY,53,93.326365,6535326.000000,,
BATTERY,53,93.326365,6535326.000000,,
BATTERY,53,93.324491,6537166.000000,,
BATTERY,53,93.324491,6537166.000000,,
BATTERY,53,93.322632,6538991.000000,,
BATTERY,53,93.322632,6538991.000000,,
BATTERY,53,93.320677,6540911.000000,,
BATTERY,53,93.320677,6540911.000000,,
BATTERY,53,93.320396,6541187.000000,,
BATTERY,53,93.315787,6542884.000000,,
BATTERY,53,93.313929,6544708.000000,,
BATTERY,53,93.313929,6544708.000000,,
BATTERY,53,93.311973,6546628.000000,,
BATTERY,53,93.311973,6546628.000000,,
BATTERY,53,93.310114,6548453.000000,,
BATTERY,53,93.310114,6548453.000000,,
BATTERY,53,93.308159,6550373.000000,,
BATTERY,53,93.308159,6550373.000000,,
BATTERY,53,93.306300,6552198.000000,,
BATTERY,53,93.306300,6552198.000000,,
BATTERY,53,93.304441,6554023.000000,,
BATTERY,53,93.304441,6554023.000000,,
BATTERY,53,93.302160,6556263.000000,,
BATTERY,53,93.302160,6556263.000000,,
BATTERY,53,93.300301,6558088.000000,,
BATTERY,53,93.300301,6558088.000000,,
BATTERY,53,93.298019,6560328.000000,,
BATTERY,53,93.298019,6560328.000000,,
BATTERY,53,93.296161,6562153.000000,,
BATTERY,53,93.296161,6562153.000000,,
BATTERY,53,93.293879,6564393.000000,,
BATTERY,53,93.293879,6564393.000000,,
BATTERY,53,93.292020,6566218.000000,,
BATTERY,53,93.292020,6566218.000000,,
BATTERY,53,93.288532,6569643.000000,,
BATTERY,53,93.288532,6569643.000000,,
BATTERY,53,93.286021,6572108.000000,,
BATTERY,53,93.286021,6572108.000000,,
BATTERY,53,92.308337,7532016.000000,,
BATTERY,53,92.308337,7532016.000000,,
BATTERY,53,92.305631,7534673.000000,,
BATTERY,53,92.305631,7534673.000000,,
BATTERY,53,92.302925,7537330.000000,,
BATTERY,53,92.302925,7537330.000000,,
BATTERY,53,92.299567,7540627.000000,,
BATTERY,53,92.299567,7540627.000000,,
BATTERY,53,91.288841,8532976.000000,,
BATTERY,53,91.288841,8532976.000000,,
BATTERY,53,91.286510,8535265.000000,,
BATTERY,53,91.286510,8535265.000000,,
BATTERY,53,91.284651,8537090.000000,,
BATTERY,53,91.284651,8537090.000000,,
BATTERY,53,91.282712,8538994.000000,,
BATTERY,53,91.282712,8538994.000000,,
BATTERY,53,91.280836,8540835.000000,,
BATTERY,53,91.280836,8540835.000000,,
BATTERY,53,91.278897,8542739.000000,,
BATTERY,53,91.278897,8542739.000000,,
BATTERY,53,91.277022,8544580.000000,,
BATTERY,53,91.277022,8544580.000000,,
BATTERY,53,91.275083,8546484.000000,,
BATTERY,53,91.275083,8546484.000000,,
BATTERY,53,91.273208,8548325.000000,,
BATTERY,53,91.273208,8548325.000000,,
BATTERY,53,91.272996,8548533.000000,,
BATTERY,53,91.268387,8550230.000000,,
BATTERY,53,91.266513,8552070.000000,,
BATTERY,53,91.266513,8552070.000000,,
BATTERY,53,91.264573,8553974.000000,,
BATTERY,53,91.264573,8553974.000000,,
BATTERY,53,91.262715,8555799.000000,,
BATTERY,53,91.262715,8555799.000000,,
BATTERY,53,91.260433,8558039.000000,,
BATTERY,53,91.260433,8558039.000000,,
BATTERY,53,91.258248,8560184.000000,,
BATTERY,53,91.258248,8560184.000000,,
BATTERY,53,91.256293,8562104.000000,,
BATTERY,53,91.256293,8562104.000000,,
BATTERY,53,91.254434,8563929.000000,,
BATTERY,53,91.254434,8563929.000000,,
BATTERY,53,91.251597,8566714.000000,,
BATTERY,53,91.251597,8566714.000000,,
BATTERY,53,91.247783,8570459.000000,,
BATTERY,53,91.247783,8570459.000000,,
BATTERY,53,89.247945,10533936.000000,,
BATTERY,53,89.247945,10533936.000000,,
BATTERY,53,89.245869,10535975.000000,,
BATTERY,53,89.245869,10535975.000000,,
BATTERY,53,89.243684,10538120.000000,,
BATTERY,53,89.243684,10538120.000000,,
BATTERY,53,89.241825,10539945.000000,,
BATTERY,53,89.241825,10539945.000000,,
BATTERY,53,89.239870,10541865.000000,,
BATTERY,53,89.239870,10541865.000000,,
BATTERY,53,89.239641,10542089.000000,,
BATTERY,53,89.235032,10543786.000000,,
BATTERY,53,89.233175,10545610.000000,,
BATTERY,53,89.233175,10545610.000000,,
BATTERY,53,89.231316,10547435.000000,,
BATTERY,53,89.231316,10547435.000000,,
BATTERY,53,89.229360,10549355.000000,,
BATTERY,53,89.229360,10549355.000000,,
BATTERY,53,89.227501,10551180.000000,,
BATTERY,53,89.227501,10551180.000000,,
BATTERY,53,89.225546,10553100.000000,,
BATTERY,53,89.225546,10553100.000000,,
BATTERY,53,89.223687,10554925.000000,,
BATTERY,53,89.223687,10554925.000000,,
BATTERY,53,89.221731,10556845.000000,,
BATTERY,53,89.221731,10556845.000000,,
BATTERY,53,89.219873,10558670.000000,,
BATTERY,53,89.219873,10558670.000000,,
BATTERY,53,89.217917,10560590.000000,,
BATTERY,53,89.217917,10560590.000000,,
BATTERY,53,89.216058,10562415.000000,,
BATTERY,53,89.216058,10562415.000000,,
BATTERY,53,89.214200,10564240.000000,,
BATTERY,53,89.214200,10564240.000000,,
BATTERY,53,89.212341,10566065.000000,,
BATTERY,53,89.212341,10566065.000000,,
BATTERY,53,89.210385,10567985.000000,,
BATTERY,53,89.210385,10567985.000000,,
BATTERY,53,89.208526,10569810.000000,,
BATTERY,53,89.208526,10569810.000000,,
BATTERY,53,89.206571,10571730.000000,,
BATTERY,53,89.206571,10571730.000000,,
BATTERY,53,89.204386,10573875.000000,,
BATTERY,53,89.204386,10573875.000000,,
BATTERY,53,89.201550,10576660.000000,,
BATTERY,53,89.201550,10576660.000000,,
BATTERY,53,84.154428,15532016.000000,,
BATTERY,53,84.154428,15532016.000000,,
BATTERY,53,84.152699,15533713.000000,,
BATTERY,53,84.152699,15533713.000000,,
BATTERY,53,84.150418,15535953.000000,,
BATTERY,53,84.150418,15535953.000000,,
BATTERY,53,84.148363,15537970.000000,,
BATTERY,53,84.148363,15537970.000000,,
BATTERY,53,83.136235,16531696.000000,,
BATTERY,53,83.136235,16531696.000000,,
BATTERY,53,83.124878,16542847.000000,,
BATTERY,53,83.124878,16542847.000000,,
BATTERY,53,81.098546,18532336.000000,,
BATTERY,53,81.098546,18532336.000000,,
BATTERY,53,81.096257,18534584.000000,,
BATTERY,53,81.096257,18534584.000000,,
BATTERY,53,81.094239,18536565.000000,,
BATTERY,53,81.094239,18536565.000000,,
BATTERY,53,81.092291,18538477.000000,,
BATTERY,53,81.092291,18538477.000000,,
BATTERY,53,81.092160,18538606.000000,,
BATTERY,53,81.087551,18540303.000000,,
BATTERY,53,81.085596,18542222.000000,,
BATTERY,53,81.085596,18542222.000000,,
BATTERY,53,81.083668,18544115.000000,,
BATTERY,53,81.083668,18544115.000000,,
BATTERY,53,81.081782,18545967.000000,,
BATTERY,53,81.081782,18545967.000000,,
BATTERY,53,81.079854,18547860.000000,,
BATTERY,53,81.079854,18547860.000000,,
BATTERY,53,81.077968,18549712.000000,,
BATTERY,53,81.077968,18549712.000000,,
BATTERY,53,81.076040,18551605.000000,,
BATTERY,53,81.076040,18551605.000000,,
BATTERY,53,81.074153,18553457.000000,,
BATTERY,53,81.074153,18553457.000000,,
BATTERY,53,81.072225,18555350.000000,,
BATTERY,53,81.072225,18555350.000000,,
BATTERY,53,81.070270,18557270.000000,,
BATTERY,53,81.070270,18557270.000000,,
BATTERY,53,81.068411,18559095.000000,,
BATTERY,53,81.068411,18559095.000000,,
BATTERY,53,81.066226,18561240.000000,,
BATTERY,53,81.066226,18561240.000000,,
BATTERY,53,81.063619,18563800.000000,,
BATTERY,53,81.063619,18563800.000000,,
BATTERY,53,81.060456,18566905.000000,,
BATTERY,53,81.060456,18566905.000000,,
BATTERY,53,73.966688,25531696.000000,,
BATTERY,53,73.966688,25531696.000000,,
BATTERY,53,73.964633,25533713.000000,,
BATTERY,53,73.964633,25533713.000000,,
BATTERY,53,73.961275,25537010.000000,,
BATTERY,53,73.961275,25537010.000000,,
BATTERY,53,73.959221,25539027.000000,,
BATTERY,53,73.959221,25539027.000000,,
BATTERY,53,72.947517,26532336.000000,,
BATTERY,53,72.947517,26532336.000000,,
BATTERY,53,72.938778,26540916.000000,,
BATTERY,53,72.938778,26540916.000000,,
BATTERY,53,70.910480,28532336.000000,,
BATTERY,53,70.910480,28532336.000000,,
BATTERY,53,70.908213,28534562.000000,,
BATTERY,53,70.908213,28534562.000000,,
BATTERY,53,70.906354,28536387.000000,,
BATTERY,53,70.906354,28536387.000000,,
BATTERY,53,70.904411,28538295.000000,,
BATTERY,53,70.904411,28538295.000000,,
BATTERY,53,70.902540,28540132.000000,,
BATTERY,53,70.902540,28540132.000000,,
BATTERY,53,70.902324,28540344.000000,,
BATTERY,53,70.897715,28542041.000000,,
BATTERY,53,70.895845,28543877.000000,,
BATTERY,53,70.895845,28543877.000000,,
BATTERY,53,70.893902,28545785.000000,,
BATTERY,53,70.893902,28545785.000000,,
BATTERY,53,70.892031,28547622.000000,,
BATTERY,53,70.892031,28547622.000000,,
BATTERY,53,70.890087,28549530.000000,,
BATTERY,53,70.890087,28549530.000000,,
BATTERY,53,70.888216,28551367.000000,,
BATTERY,53,70.888216,28551367.000000,,
BATTERY,53,70.886273,28553275.000000,,
BATTERY,53,70.886273,28553275.000000,,
BATTERY,53,70.884402,28555112.000000,,
BATTERY,53,70.884402,28555112.000000,,
BATTERY,53,70.882543,28556937.000000,,
BATTERY,53,70.882543,28556937.000000,,
BATTERY,53,70.880587,28558857.000000,,
BATTERY,53,70.880587,28558857.000000,,
BATTERY,53,70.878403,28561002.000000,,
BATTERY,53,70.878403,28561002.000000,,
BATTERY,53,70.876544,28562827.000000,,
BATTERY,53,70.876544,28562827.000000,,
BATTERY,53,70.872959,28566347.000000,,
BATTERY,53,70.872959,28566347.000000,,
BATTERY,53,70.869796,28569452.000000,,
BATTERY,53,70.869796,28569452.000000,,
BATTERY,53,63.778296,35532016.000000,,
BATTERY,53,63.778296,35532016.000000,,
BATTERY,53,63.774612,35535633.000000,,
BATTERY,53,63.774612,35535633.000000,,
BATTERY,53,63.771580,35538610.000000,,
BATTERY,53,63.771580,35538610.000000,,
BATTERY,53,63.768548,35541587.000000,,
BATTERY,53,63.768548,35541587.000000,,
BATTERY,53,62.760103,36531696.000000,,
BATTERY,53,62.760103,36531696.000000,,
BATTERY,53,62.755829,36535893.000000,,
BATTERY,53,62.755829,36535893.000000,,
BATTERY,53,60.723066,38531696.000000,,
BATTERY,53,60.723066,38531696.000000,,
BATTERY,53,60.719637,38535063.000000,,
BATTERY,53,60.719637,38535063.000000,,
BATTERY,53,60.717758,38536908.000000,,
BATTERY,53,60.717758,38536908.000000,,
BATTERY,53,60.715836,38538795.000000,,
BATTERY,53,60.715836,38538795.000000,,
BATTERY,53,60.713943,38540653.000000,,
BATTERY,53,60.713943,38540653.000000,,
BATTERY,53,60.711970,38542591.000000,,
BATTERY,53,60.711970,38542591.000000,,
BATTERY,53,60.710111,38544416.000000,,
BATTERY,53,60.710111,38544416.000000,,
BATTERY,53,60.708155,38546336.000000,,
BATTERY,53,60.708155,38546336.000000,,
BATTERY,53,60.706296,38548161.000000,,
BATTERY,53,60.706296,38548161.000000,,
BATTERY,53,60.704341,38550081.000000,,
BATTERY,53,60.704341,38550081.000000,,
BATTERY,53,60.702482,38551906.000000,,
BATTERY,53,60.702482,38551906.000000,,
BATTERY,53,60.700526,38553826.000000,,
BATTERY,53,60.700526,38553826.000000,,
BATTERY,53,60.698668,38555651.000000,,
BATTERY,53,60.698668,38555651.000000,,
BATTERY,53,60.696712,38557571.000000,,
BATTERY,53,60.696712,38557571.000000,,
BATTERY,53,60.696484,38557795.000000,,
BATTERY,53,60.691875,38559492.000000,,
BATTERY,53,60.689691,38561636.000000,,
BATTERY,53,60.689691,38561636.000000,,
BATTERY,53,60.687736,38563556.000000,,
BATTERY,53,60.687736,38563556.000000,,
BATTERY,53,60.685225,38566021.000000,,
BATTERY,53,60.685225,38566021.000000,,
BATTERY,53,60.683040,38568166.000000,,
BATTERY,53,60.683040,38568166.000000,,
BATTERY,53,60.681181,38569991.000000,,
BATTERY,53,60.681181,38569991.000000,,
BATTERY,53,60.679226,38571911.000000,,
BATTERY,53,60.679226,38571911.000000,,
BATTERY,53,60.675411,38575656.000000,,
BATTERY,53,60.675411,38575656.000000,,
BATTERY,53,53.590556,45531696.000000,,
BATTERY,53,53.590556,45531696.000000,,
BATTERY,53,53.588600,45533616.000000,,
BATTERY,53,53.588600,45533616.000000,,
BATTERY,53,52.570408,46533296.000000,,
BATTERY,53,52.570408,46533296.000000,,
BATTERY,53,52.558650,46544840.000000,,
BATTERY,53,52.558650,46544840.000000,,
BATTERY,53,50.534349,48532336.000000,,
BATTERY,53,50.534349,48532336.000000,,
BATTERY,53,50.532198,48534447.000000,,
BATTERY,53,50.532198,48534447.000000,,
BATTERY,53,50.530340,48536272.000000,,
BATTERY,53,50.530340,48536272.000000,,
BATTERY,53,50.528481,48538097.000000,,
BATTERY,53,50.528481,48538097.000000,,
BATTERY,53,50.526525,48540017.000000,,
BATTERY,53,50.526525,48540017.000000,,
BATTERY,53,50.524666,48541842.000000,,
BATTERY,53,50.524666,48541842.000000,,
BATTERY,53,50.522624,48543847.000000,,
BATTERY,53,50.522624,48543847.000000,,
BATTERY,53,50.522396,48544071.000000,,
BATTERY,53,50.517787,48545768.000000,,
BATTERY,53,50.515929,48547592.000000,,
BATTERY,53,50.515929,48547592.000000,,
BATTERY,53,50.514070,48549417.000000,,
BATTERY,53,50.514070,48549417.000000,,
BATTERY,53,50.512115,48551337.000000,,
BATTERY,53,50.512115,48551337.000000,,
BATTERY,53,50.510159,48553257.000000,,
BATTERY,53,50.510159,48553257.000000,,
BATTERY,53,50.508301,48555082.000000,,
BATTERY,53,50.508301,48555082.000000,,
BATTERY,53,50.506442,48556907.000000,,
BATTERY,53,50.506442,48556907.000000,,
BATTERY,53,50.504160,48559147.000000,,
BATTERY,53,50.504160,48559147.000000,,
BATTERY,53,50.502302,48560972.000000,,
BATTERY,53,50.502302,48560972.000000,,
BATTERY,53,50.500020,48563212.000000,,
BATTERY,53,50.500020,48563212.000000,,
BATTERY,53,50.497509,48565677.000000,,
BATTERY,53,50.497509,48565677.000000,,
BATTERY,53,50.494673,48568462.000000,,
BATTERY,53,50.494673,48568462.000000,,
BATTERY,53,50.491836,48571247.000000,,
BATTERY,53,50.491836,48571247.000000,,
BATTERY,53,50.489652,48573392.000000,,
BATTERY,53,50.489652,48573392.000000,,
BATTERY,53,43.402490,55531696.000000,,
BATTERY,53,43.402490,55531696.000000,,
BATTERY,53,43.400436,55533713.000000,,
BATTERY,53,43.400436,55533713.000000,,
BATTERY,53,43.397729,55536370.000000,,
BATTERY,53,43.397729,55536370.000000,,
BATTERY,53,42.383972,56531696.000000,,
BATTERY,53,42.383972,56531696.000000,,
BATTERY,53,42.372507,56542952.000000,,
BATTERY,53,42.372507,56542952.000000,,
BATTERY,53,40.344979,58533616.000000,,
BATTERY,53,40.344979,58533616.000000,,
BATTERY,53,40.343034,58535526.000000,,
BATTERY,53,40.343034,58535526.000000,,
BATTERY,53,40.341093,58537431.000000,,
BATTERY,53,40.341093,58537431.000000,,
BATTERY,53,40.339234,58539256.000000,,
BATTERY,53,40.339234,58539256.000000,,
BATTERY,53,40.337360,58541096.000000,,
BATTERY,53,40.337360,58541096.000000,,
BATTERY,53,40.335388,58543033.000000,,
BATTERY,53,40.335388,58543033.000000,,
BATTERY,53,40.333485,58544901.000000,,
BATTERY,53,40.333485,58544901.000000,,
BATTERY,53,40.331573,58546778.000000,,
BATTERY,53,40.331573,58546778.000000,,
BATTERY,53,40.329636,58548680.000000,,
BATTERY,53,40.329636,58548680.000000,,
BATTERY,53,40.327759,58550523.000000,,
BATTERY,53,40.327759,58550523.000000,,
BATTERY,53,40.325822,58552425.000000,,
BATTERY,53,40.325822,58552425.000000,,
BATTERY,53,40.323944,58554268.000000,,
BATTERY,53,40.323944,58554268.000000,,
BATTERY,53,40.322007,58556170.000000,,
BATTERY,53,40.322007,58556170.000000,,
BATTERY,53,40.320130,58558013.000000,,
BATTERY,53,40.320130,58558013.000000,,
BATTERY,53,40.317867,58560235.000000,,
BATTERY,53,40.317867,58560235.000000,,
BATTERY,53,40.315911,58562155.000000,,
BATTERY,53,40.315911,58562155.000000,,
BATTERY,53,40.315762,58562302.000000,,
BATTERY,53,40.311153,58563999.000000,,
BATTERY,53,40.308643,58566463.000000,,
BATTERY,53,40.308643,58566463.000000,,
BATTERY,53,40.306458,58568608.000000,,
BATTERY,53,40.306458,58568608.000000,,
BATTERY,53,40.304273,58570753.000000,,
BATTERY,53,40.304273,58570753.000000,,
BATTERY,53,33.213446,65532656.000000,,
BATTERY,53,33.213446,65532656.000000,,
BATTERY,53,33.211066,65534993.000000,,
BATTERY,53,33.211066,65534993.000000,,
BATTERY,53,33.207382,65538610.000000,,
BATTERY,53,33.207382,65538610.000000,,
BATTERY,53,32.193624,66533936.000000,,
BATTERY,53,32.193624,66533936.000000,,
BATTERY,53,32.186738,66540697.000000,,
BATTERY,53,32.186738,66540697.000000,,
BATTERY,53,30.158869,68531696.000000,,
BATTERY,53,30.158869,68531696.000000,,
BATTERY,53,30.156569,68533954.000000,,
BATTERY,53,30.156569,68533954.000000,,
BATTERY,53,30.154646,68535842.000000,,
BATTERY,53,30.154646,68535842.000000,,
BATTERY,53,30.152787,68537667.000000,,
BATTERY,53,30.152787,68537667.000000,,
BATTERY,53,30.150831,68539587.000000,,
BATTERY,53,30.150831,68539587.000000,,
BATTERY,53,30.148973,68541412.000000,,
BATTERY,53,30.148973,68541412.000000,,
BATTERY,53,30.147017,68543332.000000,,
BATTERY,53,30.147017,68543332.000000,,
BATTERY,53,30.145002,68545310.000000,,
BATTERY,53,30.145002,68545310.000000,,
BATTERY,53,30.144871,68545439.000000,,
BATTERY,53,30.140262,68547136.000000,,
BATTERY,53,30.138307,68549055.000000,,
BATTERY,53,30.138307,68549055.000000,,
BATTERY,53,30.136449,68550880.000000,,
BATTERY,53,30.136449,68550880.000000,,
BATTERY,53,30.134167,68553120.000000,,
BATTERY,53,30.134167,68553120.000000,,
BATTERY,53,30.132308,68554945.000000,,
BATTERY,53,30.132308,68554945.000000,,
BATTERY,53,30.130353,68556865.000000,,
BATTERY,53,30.130353,68556865.000000,,
BATTERY,53,30.128494,68558690.000000,,
BATTERY,53,30.128494,68558690.000000,,
BATTERY,53,30.126635,68560515.000000,,
BATTERY,53,30.126635,68560515.000000,,
BATTERY,53,30.124680,68562435.000000,,
BATTERY,53,30.124680,68562435.000000,,
BATTERY,53,30.122724,68564355.000000,,
BATTERY,53,30.122724,68564355.000000,,
BATTERY,53,30.120865,68566180.000000,,
BATTERY,53,30.120865,68566180.000000,,
BATTERY,53,30.118910,68568100.000000,,
BATTERY,53,30.118910,68568100.000000,,
BATTERY,53,23.026358,75531696.000000,,
BATTERY,53,23.026358,75531696.000000,,
BATTERY,53,23.024403,75533616.000000,,
BATTERY,53,23.024403,75533616.000000,,
BATTERY,53,23.022348,75535633.000000,,
BATTERY,53,23.022348,75535633.000000,,
BATTERY,53,22.006862,76532656.000000,,
BATTERY,53,22.006862,76532656.000000,,
BATTERY,53,21.995679,76543636.000000,,
BATTERY,53,21.995679,76543636.000000,,
BATTERY,53,19.970151,78532336.000000,,
BATTERY,53,19.970151,78532336.000000,,
BATTERY,53,19.967777,78534667.000000,,
BATTERY,53,19.967777,78534667.000000,,
BATTERY,53,19.965592,78536812.000000,,
BATTERY,53,19.965592,78536812.000000,,
BATTERY,53,19.963657,78538712.000000,,
BATTERY,53,19.963657,78538712.000000,,
BATTERY,53,19.961688,78540645.000000,,
BATTERY,53,19.961688,78540645.000000,,
BATTERY,53,19.959829,78542470.000000,,
BATTERY,53,19.959829,78542470.000000,,
BATTERY,53,19.959601,78542694.000000,,
BATTERY,53,19.954992,78544391.000000,,
BATTERY,53,19.953134,78546215.000000,,
BATTERY,53,19.953134,78546215.000000,,
BATTERY,53,19.951179,78548135.000000,,
BATTERY,53,19.951179,78548135.000000,,
BATTERY,53,19.949320,78549960.000000,,
BATTERY,53,19.949320,78549960.000000,,
BATTERY,53,19.947364,78551880.000000,,
BATTERY,53,19.947364,78551880.000000,,
BATTERY,53,19.945505,78553705.000000,,
BATTERY,53,19.945505,78553705.000000,,
BATTERY,53,19.943550,78555625.000000,,
BATTERY,53,19.943550,78555625.000000,,
BATTERY,53,19.941691,78557450.000000,,
BATTERY,53,19.941691,78557450.000000,,
BATTERY,53,19.939735,78559370.000000,,
BATTERY,53,19.939735,78559370.000000,,
BATTERY,53,19.937780,78561290.000000,,
BATTERY,53,19.937780,78561290.000000,,
BATTERY,53,19.933966,78565035.000000,,
BATTERY,53,19.933966,78565035.000000,,
BATTERY,53,12.837966,85532016.000000,,
BATTERY,53,12.837966,85532016.000000,,
BATTERY,53,12.836238,85533713.000000,,
BATTERY,53,12.836238,85533713.000000,,
BATTERY,53,12.833957,85535953.000000,,
BATTERY,53,12.833957,85535953.000000,,
BATTERY,53,11.819122,86532336.000000,,
BATTERY,53,11.819122,86532336.000000,,
BATTERY,53,11.811053,86540258.000000,,
BATTERY,53,11.811053,86540258.000000,,
BATTERY,53,9.780455,88533936.000000,,
BATTERY,53,9.780455,88533936.000000,,
BATTERY,53,9.777333,88537002.000000,,
BATTERY,53,9.777333,88537002.000000,,
BATTERY,53,9.775414,88538886.000000,,
BATTERY,53,9.775414,88538886.000000,,
BATTERY,53,9.773555,88540711.000000,,
BATTERY,53,9.773555,88540711.000000,,
BATTERY,53,9.771696,88542536.000000,,
BATTERY,53,9.771696,88542536.000000,,
BATTERY,53,9.769740,88544456.000000,,
BATTERY,53,9.769740,88544456.000000,,
BATTERY,53,9.767882,88546281.000000,,
BATTERY,53,9.767882,88546281.000000,,
BATTERY,53,9.765926,88548201.000000,,
BATTERY,53,9.765926,88548201.000000,,
BATTERY,53,9.764067,88550026.000000,,
BATTERY,53,9.764067,88550026.000000,,
BATTERY,53,9.762112,88551946.000000,,
BATTERY,53,9.762112,88551946.000000,,
BATTERY,53,9.760253,88553771.000000,,
BATTERY,53,9.760253,88553771.000000,,
BATTERY,53,9.758297,88555691.000000,,
BATTERY,53,9.758297,88555691.000000,,
BATTERY,53,9.758069,88555915.000000,,
BATTERY,53,9.753460,88557612.000000,,
BATTERY,53,9.751602,88559436.000000,,
BATTERY,53,9.751602,88559436.000000,,
BATTERY,53,9.749744,88561261.000000,,
BATTERY,53,9.749744,88561261.000000,,
BATTERY,53,9.747885,88563086.000000,,
BATTERY,53,9.747885,88563086.000000,,
BATTERY,53,9.745603,88565326.000000,,
BATTERY,53,9.745603,88565326.000000,,
BATTERY,53,9.742767,88568111.000000,,
BATTERY,53,9.742767,88568111.000000,,
BATTERY,53,9.738952,88571856.000000,,
BATTERY,53,9.738952,88571856.000000,,
BATTERY,53,2.650226,95531696.000000,,
BATTERY,53,2.650226,95531696.000000,,
BATTERY,53,2.648498,95533393.000000,,
BATTERY,53,2.648498,95533393.000000,,
BATTERY,53,2.645792,95536050.000000,,
BATTERY,53,2.645792,95536050.000000,,
BATTERY,53,2.642434,95539347.000000,,
BATTERY,53,2.642434,95539347.000000,,
BATTERY,53,1.631056,96532336.000000,,
BATTERY,53,1.631056,96532336.000000,,
BATTERY,53,1.620033,96543159.000000,,
BATTERY,53,1.620033,96543159.000000,,
BATTERY,53,0.000000,98532336.000000,,
BATTERY,53,0.000000,499530000.000000,,
