BATTERY,20,99.996920,2016.000000,,
BATTERY,20,99.996920,2016.000000,,
BATTERY,20,99.994327,3713.000000,,
BATTERY,20,99.994327,3713.000000,,
BATTERY,20,99.991246,5730.000000,,
BATTERY,20,99.991246,5730.000000,,
BATTERY,20,99.988653,7427.000000,,
BATTERY,20,99.988653,7427.000000,,
BATTERY,20,99.982638,11364.000000,,
BATTERY,20,99.982638,11364.000000,,
BATTERY,20,99.951087,32016.000000,,
BATTERY,20,99.951087,32016.000000,,
BATTERY,20,99.948494,33713.000000,,
BATTERY,20,99.948494,33713.000000,,
BATTERY,20,99.945901,35410.000000,,
BATTERY,20,99.945901,35410.000000,,
BATTERY,20,99.942624,37555.000000,,
BATTERY,20,99.942624,37555.000000,,
BATTERY,20,99.939836,39380.000000,,
BATTERY,20,99.939836,39380.000000,,
BATTERY,20,99.936903,41300.000000,,
BATTERY,20,99.936903,41300.000000,,
BATTERY,20,99.936561,41524.000000,,
BATTERY,20,99.929647,43221.000000,,
BATTERY,20,99.926860,45045.000000,,
BATTERY,20,99.926860,45045.000000,,
BATTERY,20,99.924031,46897.000000,,
BATTERY,20,99.924031,46897.000000,,
BATTERY,20,99.921139,48790.000000,,
BATTERY,20,99.921139,48790.000000,,
BATTERY,20,99.918309,50642.000000,,
BATTERY,20,99.918309,50642.000000,,
BATTERY,20,99.915417,52535.000000,,
BATTERY,20,99.915417,52535.000000,,
BATTERY,20,99.912588,54387.000000,,
BATTERY,20,99.912588,54387.000000,,
BATTERY,20,99.909696,56280.000000,,
BATTERY,20,99.909696,56280.000000,,
BATTERY,20,99.906866,58132.000000,,
BATTERY,20,99.906866,58132.000000,,
BATTERY,20,99.903974,60025.000000,,
BATTERY,20,99.903974,60025.000000,,
BATTERY,20,99.901145,61877.000000,,
BATTERY,20,99.901145,61877.000000,,
BATTERY,20,99.898211,63797.000000,,
BATTERY,20,99.898211,63797.000000,,
BATTERY,20,99.894934,65942.000000,,
BATTERY,20,99.894934,65942.000000,,
BATTERY,20,99.892001,67862.000000,,
BATTERY,20,99.892001,67862.000000,,
BATTERY,20,99.183366,531696.000000,,
BATTERY,20,99.183366,531696.000000,,
BATTERY,20,99.180498,533573.000000,,
BATTERY,20,99.180498,533573.000000,,
BATTERY,20,99.177840,535313.000000,,
BATTERY,20,99.177840,535313.000000,,
BATTERY,20,99.175051,537138.000000,,
BATTERY,20,99.175051,537138.000000,,
BATTERY,20,99.172091,539076.000000,,
BATTERY,20,99.172091,539076.000000,,
BATTERY,20,99.169302,540901.000000,,
BATTERY,20,99.169302,540901.000000,,
BATTERY,20,99.166247,542901.000000,,
BATTERY,20,99.166247,542901.000000,,
BATTERY,20,99.163459,544726.000000,,
BATTERY,20,99.163459,544726.000000,,
BATTERY,20,99.160525,546646.000000,,
BATTERY,20,99.160525,546646.000000,,
BATTERY,20,99.160328,546775.000000,,
BATTERY,20,99.153415,548472.000000,,
BATTERY,20,99.150483,550391.000000,,
BATTERY,20,99.150483,550391.000000,,
BATTERY,20,99.147695,552216.000000,,
BATTERY,20,99.147695,552216.000000,,
BATTERY,20,99.144761,554136.000000,,
BATTERY,20,99.144761,554136.000000,,
BATTERY,20,99.141973,555961.000000,,
BATTERY,20,99.141973,555961.000000,,
BATTERY,20,99.139040,557881.000000,,
BATTERY,20,99.139040,557881.000000,,
BATTERY,20,99.136251,559706.000000,,
BATTERY,20,99.136251,559706.000000,,
BATTERY,20,99.133318,561626.000000,,
BATTERY,20,99.133318,561626.000000,,
BATTERY,20,99.130530,563451.000000,,
BATTERY,20,99.130530,563451.000000,,
BATTERY,20,99.127303,565563.000000,,
BATTERY,20,99.127303,565563.000000,,
BATTERY,20,99.124515,567388.000000,,
BATTERY,20,99.124515,567388.000000,,
BATTERY,20,99.121238,569533.000000,,
BATTERY,20,99.121238,569533.000000,,
BATTERY,20,98.460500,1002016.000000,,
BATTERY,20,98.460500,1002016.000000,,
BATTERY,20,98.414667,1032016.000000,,
BATTERY,20,98.414667,1032016.000000,,
BATTERY,20,97.650778,1532016.000000,,
BATTERY,20,97.650778,1532016.000000,,
BATTERY,20,97.647704,1534028.000000,,
BATTERY,20,97.647704,1534028.000000,,
BATTERY,20,97.644916,1535853.000000,,
BATTERY,20,97.644916,1535853.000000,,
BATTERY,20,97.641984,1537772.000000,,
BATTERY,20,97.641984,1537772.000000,,
BATTERY,20,97.641785,1537902.000000,,
BATTERY,20,97.634872,1539599.000000,,
BATTERY,20,97.631941,1541517.000000,,
BATTERY,20,97.631941,1541517.000000,,
BATTERY,20,97.629152,1543343.000000,,
BATTERY,20,97.629152,1543343.000000,,
BATTERY,20,97.626220,1545262.000000,,
BATTERY,20,97.626220,1545262.000000,,
BATTERY,20,97.623430,1547088.000000,,
BATTERY,20,97.623430,1547088.000000,,
BATTERY,20,97.620498,1549007.000000,,
BATTERY,20,97.620498,1549007.000000,,
BATTERY,20,97.617709,1550833.000000,,
BATTERY,20,97.617709,1550833.000000,,
BATTERY,20,97.614777,1552752.000000,,
BATTERY,20,97.614777,1552752.000000,,
BATTERY,20,97.611989,1554577.000000,,
BATTERY,20,97.611989,1554577.000000,,
BATTERY,20,97.609055,1556497.000000,,
BATTERY,20,97.609055,1556497.000000,,
BATTERY,20,97.606267,1558322.000000,,
BATTERY,20,97.606267,1558322.000000,,
BATTERY,20,97.602990,1560467.000000,,
BATTERY,20,97.602990,1560467.000000,,
BATTERY,20,97.600057,1562387.000000,,
BATTERY,20,97.600057,1562387.000000,,
BATTERY,20,97.595802,1565172.000000,,
BATTERY,20,97.595802,1565172.000000,,
BATTERY,20,97.576391,1577877.000000,,
BATTERY,20,97.576391,1577877.000000,,
BATTERY,20,96.117701,2532656.000000,,
BATTERY,20,96.117701,2532656.000000,,
BATTERY,20,96.114814,2534546.000000,,
BATTERY,20,96.114814,2534546.000000,,
BATTERY,20,96.112000,2536388.000000,,
BATTERY,20,96.112000,2536388.000000,,
BATTERY,20,96.109008,2538346.000000,,
BATTERY,20,96.109008,2538346.000000,,
BATTERY,20,96.106220,2540171.000000,,
BATTERY,20,96.106220,2540171.000000,,
BATTERY,20,96.103287,2542091.000000,,
BATTERY,20,96.103287,2542091.000000,,
BATTERY,20,96.100498,2543916.000000,,
BATTERY,20,96.100498,2543916.000000,,
BATTERY,20,96.097565,2545836.000000,,
BATTERY,20,96.097565,2545836.000000,,
BATTERY,20,96.094777,2547661.000000,,
BATTERY,20,96.094777,2547661.000000,,
BATTERY,20,96.091844,2549581.000000,,
BATTERY,20,96.091844,2549581.000000,,
BATTERY,20,96.089055,2551406.000000,,
BATTERY,20,96.089055,2551406.000000,,
BATTERY,20,96.086122,2553326.000000,,
BATTERY,20,96.086122,2553326.000000,,
BATTERY,20,96.083334,2555151.000000,,
BATTERY,20,96.083334,2555151.000000,,
BATTERY,20,96.080401,2557071.000000,,
BATTERY,20,96.080401,2557071.000000,,
BATTERY,20,96.077612,2558896.000000,,
BATTERY,20,96.077612,2558896.000000,,
BATTERY,20,96.074679,2560816.000000,,
BATTERY,20,96.074679,2560816.000000,,
BATTERY,20,96.071891,2562641.000000,,
BATTERY,20,96.071891,2562641.000000,,
BATTERY,20,96.071549,2562865.000000,,
BATTERY,20,96.064635,2564562.000000,,
BATTERY,20,96.061848,2566386.000000,,
BATTERY,20,96.061848,2566386.000000,,
BATTERY,20,96.057593,2569171.000000,,
BATTERY,20,96.057593,2569171.000000,,
BATTERY,20,96.054316,2571316.000000,,
BATTERY,20,96.054316,2571316.000000,,
BATTERY,20,95.396302,3002016.000000,,
BATTERY,20,95.396302,3002016.000000,,
BATTERY,20,95.349002,3032976.000000,,
BATTERY,20,95.349002,3032976.000000,,
BATTERY,20,95.344095,3036188.000000,,
BATTERY,20,95.344095,3036188.000000,,
BATTERY,20,95.341307,3038013.000000,,
BATTERY,20,95.341307,3038013.000000,,
BATTERY,20,95.338264,3040005.000000,,
BATTERY,20,95.338264,3040005.000000,,
BATTERY,20,95.335211,3042003.000000,,
BATTERY,20,95.335211,3042003.000000,,
BATTERY,20,95.332423,3043828.000000,,
BATTERY,20,95.332423,3043828.000000,,
BATTERY,20,95.329490,3045748.000000,,
BATTERY,20,95.329490,3045748.000000,,
BATTERY,20,95.326501,3047704.000000,,
BATTERY,20,95.326501,3047704.000000,,
BATTERY,20,95.323713,3049529.000000,,
BATTERY,20,95.323713,3049529.000000,,
BATTERY,20,95.320780,3051449.000000,,
BATTERY,20,95.320780,3051449.000000,,
BATTERY,20,95.317992,3053274.000000,,
BATTERY,20,95.317992,3053274.000000,,
BATTERY,20,95.315058,3055194.000000,,
BATTERY,20,95.315058,3055194.000000,,
BATTERY,20,95.312270,3057019.000000,,
BATTERY,20,95.312270,3057019.000000,,
BATTERY,20,95.309337,3058939.000000,,
BATTERY,20,95.309337,3058939.000000,,
BATTERY,20,95.306549,3060764.000000,,
BATTERY,20,95.306549,3060764.000000,,
BATTERY,20,95.303615,3062684.000000,,
BATTERY,20,95.303615,3062684.000000,,
BATTERY,20,95.300682,3064604.000000,,
BATTERY,20,95.300682,3064604.000000,,
BATTERY,20,95.297894,3066429.000000,,
BATTERY,20,95.297894,3066429.000000,,
BATTERY,20,95.295105,3068254.000000,,
BATTERY,20,95.295105,3068254.000000,,
BATTERY,20,95.292172,3070174.000000,,
BATTERY,20,95.292172,3070174.000000,,
BATTERY,20,95.289384,3071999.000000,,
BATTERY,20,95.289384,3071999.000000,,
BATTERY,20,95.288553,3072543.000000,,
BATTERY,20,95.281639,3074240.000000,,
BATTERY,20,95.276408,3077664.000000,,
BATTERY,20,95.276408,3077664.000000,,
BATTERY,20,94.582748,3531696.000000,,
BATTERY,20,94.582748,3531696.000000,,
BATTERY,20,94.579666,3533713.000000,,
BATTERY,20,94.579666,3533713.000000,,
BATTERY,20,94.575607,3536370.000000,,
BATTERY,20,94.575607,3536370.000000,,
BATTERY,20,94.570570,3539667.000000,,
BATTERY,20,94.570570,3539667.000000,,
BATTERY,20,93.052526,4533296.000000,,
BATTERY,20,93.052526,4533296.000000,,
BATTERY,20,93.049120,4535525.000000,,
BATTERY,20,93.049120,4535525.000000,,
BATTERY,20,93.046134,4537480.000000,,
BATTERY,20,93.046134,4537480.000000,,
BATTERY,20,93.043345,4539305.000000,,
BATTERY,20,93.043345,4539305.000000,,
BATTERY,20,93.040530,4541148.000000,,
BATTERY,20,93.040530,4541148.000000,,
BATTERY,20,93.037624,4543050.000000,,
BATTERY,20,93.037624,4543050.000000,,
BATTERY,20,93.034808,4544893.000000,,
BATTERY,20,93.034808,4544893.000000,,
BATTERY,20,93.031902,4546795.000000,,
BATTERY,20,93.031902,4546795.000000,,
BATTERY,20,93.029087,4548638.000000,,
BATTERY,20,93.029087,4548638.000000,,
BATTERY,20,93.028744,4548862.000000,,
BATTERY,20,93.021831,4550559.000000,,
BATTERY,20,93.019044,4552383.000000,,
BATTERY,20,93.019044,4552383.000000,,
BATTERY,20,93.016111,4554303.000000,,
BATTERY,20,93.016111,4554303.000000,,
BATTERY,20,93.013518,4556000.000000,,
BATTERY,20,93.013518,4556000.000000,,
BATTERY,20,93.010730,4557825.000000,,
BATTERY,20,93.010730,4557825.000000,,
BATTERY,20,93.007942,4559650.000000,,
BATTERY,20,93.007942,4559650.000000,,
BATTERY,20,93.005008,4561570.000000,,
BATTERY,20,93.005008,4561570.000000,,
BATTERY,20,93.002220,4563395.000000,,
BATTERY,20,93.002220,4563395.000000,,
BATTERY,20,92.998943,4565540.000000,,
BATTERY,20,92.998943,4565540.000000,,
BATTERY,20,92.996010,4567460.000000,,
BATTERY,20,92.996010,4567460.000000,,
BATTERY,20,92.993222,4569285.000000,,
BATTERY,20,92.993222,4569285.000000,,
BATTERY,20,89.993138,6532976.000000,,
BATTERY,20,89.993138,6532976.000000,,
BATTERY,20,89.989548,6535326.000000,,
BATTERY,20,89.989548,6535326.000000,,
BATTERY,20,89.986737,6537166.000000,,
BATTERY,20,89.986737,6537166.000000,,
BATTERY,20,89.983948,6538991.000000,,
BATTERY,20,89.983948,6538991.000000,,
BATTERY,20,89.981015,6540911.000000,,
BATTERY,20,89.981015,6540911.000000,,
BATTERY,20,89.980593,6541187.000000,,
BATTERY,20,89.973680,6542884.000000,,
BATTERY,20,89.970893,6544708.000000,,
BATTERY,20,89.970893,6544708.000000,,
BATTERY,20,89.967960,6546628.000000,,
BATTERY,20,89.967960,6546628.000000,,
BATTERY,20,89.965172,6548453.000000,,
BATTERY,20,89.965172,6548453.000000,,
BATTERY,20,89.962238,6550373.000000,,
BATTERY,20,89.962238,6550373.000000,,
BATTERY,20,89.959450,6552198.000000,,
BATTERY,20,89.959450,6552198.000000,,
BATTERY,20,89.956662,6554023.000000,,
BATTERY,20,89.956662,6554023.000000,,
BATTERY,20,89.953240,6556263.000000,,
BATTERY,20,89.953240,6556263.000000,,
BATTERY,20,89.950451,6558088.000000,,
BATTERY,20,89.950451,6558088.000000,,
BATTERY,20,89.947029,6560328.000000,,
BATTERY,20,89.947029,6560328.000000,,
BATTERY,20,89.944241,6562153.000000,,
BATTERY,20,89.944241,6562153.000000,,
BATTERY,20,89.940819,6564393.000000,,
BATTERY,20,89.940819,6564393.000000,,
BATTERY,20,89.938031,6566218.000000,,
BATTERY,20,89.938031,6566218.000000,,
BATTERY,20,89.932798,6569643.000000,,
BATTERY,20,89.932798,6569643.000000,,
BATTERY,20,89.929032,6572108.000000,,
BATTERY,20,89.929032,6572108.000000,,
BATTERY,20,88.462506,7532016.000000,,
BATTERY,20,88.462506,7532016.000000,,
BATTERY,20,88.458447,7534673.000000,,
BATTERY,20,88.458447,7534673.000000,,
BATTERY,20,88.454387,7537330.000000,,
BATTERY,20,88.454387,7537330.000000,,
BATTERY,20,88.449350,7540627.000000,,
BATTERY,20,88.449350,7540627.000000,,
BATTERY,20,86.933261,8532976.000000,,
BATTERY,20,86.933261,8532976.000000,,
BATTERY,20,86.929764,8535265.000000,,
BATTERY,20,86.929764,8535265.000000,,
BATTERY,20,86.926976,8537090.000000,,
BATTERY,20,86.926976,8537090.000000,,
BATTERY,20,86.924067,8538994.000000,,
BATTERY,20,86.924067,8538994.000000,,
BATTERY,20,86.921255,8540835.000000,,
BATTERY,20,86.921255,8540835.000000,,
BATTERY,20,86.918346,8542739.000000,,
BATTERY,20,86.918346,8542739.000000,,
BATTERY,20,86.915533,8544580.000000,,
BATTERY,20,86.915533,8544580.000000,,
BATTERY,20,86.912624,8546484.000000,,
BATTERY,20,86.912624,8546484.000000,,
BATTERY,20,86.912403,8546629.000000,,
BATTERY,20,86.905489,8548326.000000,,
BATTERY,20,86.902582,8550229.000000,,
BATTERY,20,86.902582,8550229.000000,,
BATTERY,20,86.899769,8552070.000000,,
BATTERY,20,86.899769,8552070.000000,,
BATTERY,20,86.896860,8553974.000000,,
BATTERY,20,86.896860,8553974.000000,,
BATTERY,20,86.894072,8555799.000000,,
BATTERY,20,86.894072,8555799.000000,,
BATTERY,20,86.890650,8558039.000000,,
BATTERY,20,86.890650,8558039.000000,,
BATTERY,20,86.887373,8560184.000000,,
BATTERY,20,86.887373,8560184.000000,,
BATTERY,20,86.884439,8562104.000000,,
BATTERY,20,86.884439,8562104.000000,,
BATTERY,20,86.881651,8563929.000000,,
BATTERY,20,86.881651,8563929.000000,,
BATTERY,20,86.877396,8566714.000000,,
BATTERY,20,86.877396,8566714.000000,,
BATTERY,20,86.871675,8570459.000000,,
BATTERY,20,86.871675,8570459.000000,,
BATTERY,20,83.871918,10533936.000000,,
BATTERY,20,83.871918,10533936.000000,,
BATTERY,20,83.868803,10535975.000000,,
BATTERY,20,83.868803,10535975.000000,,
BATTERY,20,83.865526,10538120.000000,,
BATTERY,20,83.865526,10538120.000000,,
BATTERY,20,83.862738,10539945.000000,,
BATTERY,20,83.862738,10539945.000000,,
BATTERY,20,83.859804,10541865.000000,,
BATTERY,20,83.859804,10541865.000000,,
BATTERY,20,83.857016,10543690.000000,,
BATTERY,20,83.857016,10543690.000000,,
BATTERY,20,83.854083,10545610.000000,,
BATTERY,20,83.854083,10545610.000000,,
BATTERY,20,83.851295,10547435.000000,,
BATTERY,20,83.851295,10547435.000000,,
BATTERY,20,83.848361,10549355.000000,,
BATTERY,20,83.848361,10549355.000000,,
BATTERY,20,83.845573,10551180.000000,,
BATTERY,20,83.845573,10551180.000000,,
BATTERY,20,83.842640,10553100.000000,,
BATTERY,20,83.842640,10553100.000000,,
BATTERY,20,83.839852,10554925.000000,,
BATTERY,20,83.839852,10554925.000000,,
BATTERY,20,83.836918,10556845.000000,,
BATTERY,20,83.836918,10556845.000000,,
BATTERY,20,83.834130,10558670.000000,,
BATTERY,20,83.834130,10558670.000000,,
BATTERY,20,83.831197,10560590.000000,,
BATTERY,20,83.831197,10560590.000000,,
BATTERY,20,83.831000,10560719.000000,,
BATTERY,20,83.824086,10562416.000000,,
BATTERY,20,83.821299,10564240.000000,,
BATTERY,20,83.821299,10564240.000000,,
BATTERY,20,83.818511,10566065.000000,,
BATTERY,20,83.818511,10566065.000000,,
BATTERY,20,83.815578,10567985.000000,,
BATTERY,20,83.815578,10567985.000000,,
BATTERY,20,83.812790,10569810.000000,,
BATTERY,20,83.812790,10569810.000000,,
BATTERY,20,83.809856,10571730.000000,,
BATTERY,20,83.809856,10571730.000000,,
BATTERY,20,83.806579,10573875.000000,,
BATTERY,20,83.806579,10573875.000000,,
BATTERY,20,83.802324,10576660.000000,,
BATTERY,20,83.802324,10576660.000000,,
BATTERY,20,76.231642,15532016.000000,,
BATTERY,20,76.231642,15532016.000000,,
BATTERY,20,76.229049,15533713.000000,,
BATTERY,20,76.229049,15533713.000000,,
BATTERY,20,76.225627,15535953.000000,,
BATTERY,20,76.225627,15535953.000000,,
BATTERY,20,76.222545,15537970.000000,,
BATTERY,20,76.222545,15537970.000000,,
BATTERY,20,74.704353,16531696.000000,,
BATTERY,20,74.704353,16531696.000000,,
BATTERY,20,74.687316,16542847.000000,,
BATTERY,20,74.687316,16542847.000000,,
BATTERY,20,71.647819,18532336.000000,,
BATTERY,20,71.647819,18532336.000000,,
BATTERY,20,71.644385,18534584.000000,,
BATTERY,20,71.644385,18534584.000000,,
BATTERY,20,71.641358,18536565.000000,,
BATTERY,20,71.641358,18536565.000000,,
BATTERY,20,71.638437,18538477.000000,,
BATTERY,20,71.638437,18538477.000000,,
BATTERY,20,71.635649,18540302.000000,,
BATTERY,20,71.635649,18540302.000000,,
BATTERY,20,71.632716,18542222.000000,,
BATTERY,20,71.632716,18542222.000000,,
BATTERY,20,71.632415,18542419.000000,,
BATTERY,20,71.625501,18544116.000000,,
BATTERY,20,71.622673,18545967.000000,,
BATTERY,20,71.622673,18545967.000000,,
BATTERY,20,71.619781,18547860.000000,,
BATTERY,20,71.619781,18547860.000000,,
BATTERY,20,71.616952,18549712.000000,,
BATTERY,20,71.616952,18549712.000000,,
BATTERY,20,71.614059,18551605.000000,,
BATTERY,20,71.614059,18551605.000000,,
BATTERY,20,71.611230,18553457.000000,,
BATTERY,20,71.611230,18553457.000000,,
BATTERY,20,71.608338,18555350.000000,,
BATTERY,20,71.608338,18555350.000000,,
BATTERY,20,71.605405,18557270.000000,,
BATTERY,20,71.605405,18557270.000000,,
BATTERY,20,71.602616,18559095.000000,,
BATTERY,20,71.602616,18559095.000000,,
BATTERY,20,71.599339,18561240.000000,,
BATTERY,20,71.599339,18561240.000000,,
BATTERY,20,71.595428,18563800.000000,,
BATTERY,20,71.595428,18563800.000000,,
BATTERY,20,71.590684,18566905.000000,,
BATTERY,20,71.590684,18566905.000000,,
BATTERY,20,60.950032,25531696.000000,,
BATTERY,20,60.950032,25531696.000000,,
BATTERY,20,60.946950,25533713.000000,,
BATTERY,20,60.946950,25533713.000000,,
BATTERY,20,60.941913,25537010.000000,,
BATTERY,20,60.941913,25537010.000000,,
BATTERY,20,60.938831,25539027.000000,,
BATTERY,20,60.938831,25539027.000000,,
BATTERY,20,59.421276,26532336.000000,,
BATTERY,20,59.421276,26532336.000000,,
BATTERY,20,59.408168,26540916.000000,,
BATTERY,20,59.408168,26540916.000000,,
BATTERY,20,56.365720,28532336.000000,,
BATTERY,20,56.365720,28532336.000000,,
BATTERY,20,56.362320,28534562.000000,,
BATTERY,20,56.362320,28534562.000000,,
BATTERY,20,56.359531,28536387.000000,,
BATTERY,20,56.359531,28536387.000000,,
BATTERY,20,56.356616,28538295.000000,,
BATTERY,20,56.356616,28538295.000000,,
BATTERY,20,56.353810,28540132.000000,,
BATTERY,20,56.353810,28540132.000000,,
BATTERY,20,56.353486,28540344.000000,,
BATTERY,20,56.346572,28542041.000000,,
BATTERY,20,56.343767,28543877.000000,,
BATTERY,20,56.343767,28543877.000000,,
BATTERY,20,56.340852,28545785.000000,,
BATTERY,20,56.340852,28545785.000000,,
BATTERY,20,56.338046,28547622.000000,,
BATTERY,20,56.338046,28547622.000000,,
BATTERY,20,56.335131,28549530.000000,,
BATTERY,20,56.335131,28549530.000000,,
BATTERY,20,56.332324,28551367.000000,,
BATTERY,20,56.332324,28551367.000000,,
BATTERY,20,56.329409,28553275.000000,,
BATTERY,20,56.329409,28553275.000000,,
BATTERY,20,56.326603,28555112.000000,,
BATTERY,20,56.326603,28555112.000000,,
BATTERY,20,56.323815,28556937.000000,,
BATTERY,20,56.323815,28556937.000000,,
BATTERY,20,56.320881,28558857.000000,,
BATTERY,20,56.320881,28558857.000000,,
BATTERY,20,56.317604,28561002.000000,,
BATTERY,20,56.317604,28561002.000000,,
BATTERY,20,56.314816,28562827.000000,,
BATTERY,20,56.314816,28562827.000000,,
BATTERY,20,56.309438,28566347.000000,,
BATTERY,20,56.309438,28566347.000000,,
BATTERY,20,56.304694,28569452.000000,,
BATTERY,20,56.304694,28569452.000000,,
BATTERY,20,45.667444,35532016.000000,,
BATTERY,20,45.667444,35532016.000000,,
BATTERY,20,45.661918,35535633.000000,,
BATTERY,20,45.661918,35535633.000000,,
BATTERY,20,45.657370,35538610.000000,,
BATTERY,20,45.657370,35538610.000000,,
BATTERY,20,45.652821,35541587.000000,,
BATTERY,20,45.652821,35541587.000000,,
BATTERY,20,44.140155,36531696.000000,,
BATTERY,20,44.140155,36531696.000000,,
BATTERY,20,44.133743,36535893.000000,,
BATTERY,20,44.133743,36535893.000000,,
BATTERY,20,41.084599,38531696.000000,,
BATTERY,20,41.084599,38531696.000000,,
BATTERY,20,41.079455,38535063.000000,,
BATTERY,20,41.079455,38535063.000000,,
BATTERY,20,41.076637,38536908.000000,,
BATTERY,20,41.076637,38536908.000000,,
BATTERY,20,41.076294,38537132.000000,,
BATTERY,20,41.069381,38538829.000000,,
BATTERY,20,41.066594,38540653.000000,,
BATTERY,20,41.066594,38540653.000000,,
BATTERY,20,41.063633,38542591.000000,,
BATTERY,20,41.063633,38542591.000000,,
BATTERY,20,41.060845,38544416.000000,,
BATTERY,20,41.060845,38544416.000000,,
BATTERY,20,41.057912,38546336.000000,,
BATTERY,20,41.057912,38546336.000000,,
BATTERY,20,41.055123,38548161.000000,,
BATTERY,20,41.055123,38548161.000000,,
BATTERY,20,41.052190,38550081.000000,,
BATTERY,20,41.052190,38550081.000000,,
BATTERY,20,41.049402,38551906.000000,,
BATTERY,20,41.049402,38551906.000000,,
BATTERY,20,41.046469,38553826.000000,,
BATTERY,20,41.046469,38553826.000000,,
BATTERY,20,41.043680,38555651.000000,,
BATTERY,20,41.043680,38555651.000000,,
BATTERY,20,41.040747,38557571.000000,,
BATTERY,20,41.040747,38557571.000000,,
BATTERY,20,41.037959,38559396.000000,,
BATTERY,20,41.037959,38559396.000000,,
BATTERY,20,41.034537,38561636.000000,,
BATTERY,20,41.034537,38561636.000000,,
BATTERY,20,41.031603,38563556.000000,,
BATTERY,20,41.031603,38563556.000000,,
BATTERY,20,41.027837,38566021.000000,,
BATTERY,20,41.027837,38566021.000000,,
BATTERY,20,41.024560,38568166.000000,,
BATTERY,20,41.024560,38568166.000000,,
BATTERY,20,41.021772,38569991.000000,,
BATTERY,20,41.021772,38569991.000000,,
BATTERY,20,41.018839,38571911.000000,,
BATTERY,20,41.018839,38571911.000000,,
BATTERY,20,41.013117,38575656.000000,,
BATTERY,20,41.013117,38575656.000000,,
BATTERY,20,30.385834,45531696.000000,,
BATTERY,20,30.385834,45531696.000000,,
BATTERY,20,30.382901,45533616.000000,,
BATTERY,20,30.382901,45533616.000000,,
BATTERY,20,28.855612,46533296.000000,,
BATTERY,20,28.855612,46533296.000000,,
BATTERY,20,28.837975,46544840.000000,,
BATTERY,20,28.837975,46544840.000000,,
BATTERY,20,25.801523,48532336.000000,,
BATTERY,20,25.801523,48532336.000000,,
BATTERY,20,25.798298,48534447.000000,,
BATTERY,20,25.798298,48534447.000000,,
BATTERY,20,25.795509,48536272.000000,,
BATTERY,20,25.795509,48536272.000000,,
BATTERY,20,25.792721,48538097.000000,,
BATTERY,20,25.792721,48538097.000000,,
BATTERY,20,25.789788,48540017.000000,,
BATTERY,20,25.789788,48540017.000000,,
BATTERY,20,25.787000,48541842.000000,,
BATTERY,20,25.787000,48541842.000000,,
BATTERY,20,25.786528,48542151.000000,,
BATTERY,20,25.779614,48543848.000000,,
BATTERY,20,25.776827,48545672.000000,,
BATTERY,20,25.776827,48545672.000000,,
BATTERY,20,25.773894,48547592.000000,,
BATTERY,20,25.773894,48547592.000000,,
BATTERY,20,25.771106,48549417.000000,,
BATTERY,20,25.771106,48549417.000000,,
BATTERY,20,25.768172,48551337.000000,,
BATTERY,20,25.768172,48551337.000000,,
BATTERY,20,25.765239,48553257.000000,,
BATTERY,20,25.765239,48553257.000000,,
BATTERY,20,25.762451,48555082.000000,,
BATTERY,20,25.762451,48555082.000000,,
BATTERY,20,25.759663,48556907.000000,,
BATTERY,20,25.759663,48556907.000000,,
BATTERY,20,25.756240,48559147.000000,,
BATTERY,20,25.756240,48559147.000000,,
BATTERY,20,25.753452,48560972.000000,,
BATTERY,20,25.753452,48560972.000000,,
BATTERY,20,25.750030,48563212.000000,,
BATTERY,20,25.750030,48563212.000000,,
BATTERY,20,25.746264,48565677.000000,,
BATTERY,20,25.746264,48565677.000000,,
BATTERY,20,25.742009,48568462.000000,,
BATTERY,20,25.742009,48568462.000000,,
BATTERY,20,25.737754,48571247.000000,,
BATTERY,20,25.737754,48571247.000000,,
BATTERY,20,25.734477,48573392.000000,,
BATTERY,20,25.734477,48573392.000000,,
BATTERY,20,15.103735,55531696.000000,,
BATTERY,20,15.103735,55531696.000000,,
BATTERY,20,15.100654,55533713.000000,,
BATTERY,20,15.100654,55533713.000000,,
BATTERY,20,15.096594,55536370.000000,,
BATTERY,20,15.096594,55536370.000000,,
BATTERY,20,13.575957,56531696.000000,,
BATTERY,20,13.575957,56531696.000000,,
BATTERY,20,13.558761,56542952.000000,,
BATTERY,20,13.558761,56542952.000000,,
BATTERY,20,10.517468,58533616.000000,,
BATTERY,20,10.517468,58533616.000000,,
BATTERY,20,10.514550,58535526.000000,,
BATTERY,20,10.514550,58535526.000000,,
BATTERY,20,10.511640,58537431.000000,,
BATTERY,20,10.511640,58537431.000000,,
BATTERY,20,10.508852,58539256.000000,,
BATTERY,20,10.508852,58539256.000000,,
BATTERY,20,10.506041,58541096.000000,,
BATTERY,20,10.506041,58541096.000000,,
BATTERY,20,10.503081,58543033.000000,,
BATTERY,20,10.503081,58543033.000000,,
BATTERY,20,10.500227,58544901.000000,,
BATTERY,20,10.500227,58544901.000000,,
BATTERY,20,10.497360,58546778.000000,,
BATTERY,20,10.497360,58546778.000000,,
BATTERY,20,10.494454,58548680.000000,,
BATTERY,20,10.494454,58548680.000000,,
BATTERY,20,10.491638,58550523.000000,,
BATTERY,20,10.491638,58550523.000000,,
BATTERY,20,10.488732,58552425.000000,,
BATTERY,20,10.488732,58552425.000000,,
BATTERY,20,10.485917,58554268.000000,,
BATTERY,20,10.485917,58554268.000000,,
BATTERY,20,10.483011,58556170.000000,,
BATTERY,20,10.483011,58556170.000000,,
BATTERY,20,10.480195,58558013.000000,,
BATTERY,20,10.480195,58558013.000000,,
BATTERY,20,10.476800,58560235.000000,,
BATTERY,20,10.476800,58560235.000000,,
BATTERY,20,10.476458,58560459.000000,,
BATTERY,20,10.469545,58562156.000000,,
BATTERY,20,10.466758,58563980.000000,,
BATTERY,20,10.466758,58563980.000000,,
BATTERY,20,10.462964,58566463.000000,,
BATTERY,20,10.462964,58566463.000000,,
BATTERY,20,10.459687,58568608.000000,,
BATTERY,20,10.459687,58568608.000000,,
BATTERY,20,10.456410,58570753.000000,,
BATTERY,20,10.456410,58570753.000000,,
BATTERY,20,0.000000,65532656.000000,,
BATTERY,20,0.000000,499530000.000000,,
