BATTERY,88,99.998152,2016.000000,,
BATTERY,88,99.998152,2016.000000,,
BATTERY,88,99.996596,3713.000000,,
BATTERY,88,99.996596,3713.000000,,
BATTERY,88,99.994747,5730.000000,,
BATTERY,88,99.994747,5730.000000,,
BATTERY,88,99.993192,7427.000000,,
BATTERY,88,99.993192,7427.000000,,
BATTERY,88,99.989583,11364.000000,,
BATTERY,88,99.989583,11364.000000,,
BATTERY,88,99.970652,32016.000000,,
BATTERY,88,99.970652,32016.000000,,
BATTERY,88,99.969096,33713.000000,,
BATTERY,88,99.969096,33713.000000,,
BATTERY,88,99.967541,35410.000000,,
BATTERY,88,99.967541,35410.000000,,
BATTERY,88,99.965575,37555.000000,,
BATTERY,88,99.965575,37555.000000,,
BATTERY,88,99.963902,39380.000000,,
BATTERY,88,99.963902,39380.000000,,
BATTERY,88,99.962142,41300.000000,,
BATTERY,88,99.962142,41300.000000,,
BATTERY,88,99.960444,43152.000000,,
BATTERY,88,99.960444,43152.000000,,
BATTERY,88,99.960263,43349.000000,,
BATTERY,88,99.956115,45046.000000,,
BATTERY,88,99.954418,46897.000000,,
BATTERY,88,99.954418,46897.000000,,
BATTERY,88,99.952683,48790.000000,,
BATTERY,88,99.952683,48790.000000,,
BATTERY,88,99.950986,50642.000000,,
BATTERY,88,99.950986,50642.000000,,
BATTERY,88,99.949250,52535.000000,,
BATTERY,88,99.949250,52535.000000,,
BATTERY,88,99.947553,54387.000000,,
BATTERY,88,99.947553,54387.000000,,
BATTERY,88,99.945817,56280.000000,,
BATTERY,88,99.945817,56280.000000,,
BATTERY,88,99.944120,58132.000000,,
BATTERY,88,99.944120,58132.000000,,
BATTERY,88,99.942384,60025.000000,,
BATTERY,88,99.942384,60025.000000,,
BATTERY,88,99.940687,61877.000000,,
BATTERY,88,99.940687,61877.000000,,
BATTERY,88,99.938927,63797.000000,,
BATTERY,88,99.938927,63797.000000,,
BATTERY,88,99.936961,65942.000000,,
BATTERY,88,99.936961,65942.000000,,
BATTERY,88,99.935201,67862.000000,,
BATTERY,88,99.935201,67862.000000,,
BATTERY,88,99.510019,531696.000000,,
BATTERY,88,99.510019,531696.000000,,
BATTERY,88,99.508299,533573.000000,,
BATTERY,88,99.508299,533573.000000,,
BATTERY,88,99.506704,535313.000000,,
BATTERY,88,99.506704,535313.000000,,
BATTERY,88,99.505031,537138.000000,,
BATTERY,88,99.505031,537138.000000,,
BATTERY,88,99.503254,539076.000000,,
BATTERY,88,99.503254,539076.000000,,
BATTERY,88,99.501581,540901.000000,,
BATTERY,88,99.501581,540901.000000,,
BATTERY,88,99.499748,542901.000000,,
BATTERY,88,99.499748,542901.000000,,
BATTERY,88,99.498075,544726.000000,,
BATTERY,88,99.498075,544726.000000,,
BATTERY,88,99.496315,546646.000000,,
BATTERY,88,99.496315,546646.000000,,
BATTERY,88,99.494642,548471.000000,,
BATTERY,88,99.494642,548471.000000,,
BATTERY,88,99.492882,550391.000000,,
BATTERY,88,99.492882,550391.000000,,
BATTERY,88,99.491209,552216.000000,,
BATTERY,88,99.491209,552216.000000,,
BATTERY,88,99.489449,554136.000000,,
BATTERY,88,99.489449,554136.000000,,
BATTERY,88,99.487776,555961.000000,,
BATTERY,88,99.487776,555961.000000,,
BATTERY,88,99.486016,557881.000000,,
BATTERY,88,99.486016,557881.000000,,
BATTERY,88,99.485811,558105.000000,,
BATTERY,88,99.481663,559802.000000,,
BATTERY,88,99.479991,561626.000000,,
BATTERY,88,99.479991,561626.000000,,
BATTERY,88,99.478318,563451.000000,,
BATTERY,88,99.478318,563451.000000,,
BATTERY,88,99.476382,565563.000000,,
BATTERY,88,99.476382,565563.000000,,
BATTERY,88,99.474709,567388.000000,,
BATTERY,88,99.474709,567388.000000,,
BATTERY,88,99.472743,569533.000000,,
BATTERY,88,99.472743,569533.000000,,
BATTERY,88,99.076300,1002016.000000,,
BATTERY,88,99.076300,1002016.000000,,
BATTERY,88,99.048800,1032016.000000,,
BATTERY,88,99.048800,1032016.000000,,
BATTERY,88,98.590467,1532016.000000,,
BATTERY,88,98.590467,1532016.000000,,
BATTERY,88,98.588622,1534028.000000,,
BATTERY,88,98.588622,1534028.000000,,
BATTERY,88,98.586949,1535853.000000,,
BATTERY,88,98.586949,1535853.000000,,
BATTERY,88,98.585190,1537772.000000,,
BATTERY,88,98.585190,1537772.000000,,
BATTERY,88,98.583517,1539598.000000,,
BATTERY,88,98.583517,1539598.000000,,
BATTERY,88,98.583311,1539822.000000,,
BATTERY,88,98.579163,1541519.000000,,
BATTERY,88,98.577491,1543343.000000,,
BATTERY,88,98.577491,1543343.000000,,
BATTERY,88,98.575732,1545262.000000,,
BATTERY,88,98.575732,1545262.000000,,
BATTERY,88,98.574058,1547088.000000,,
BATTERY,88,98.574058,1547088.000000,,
BATTERY,88,98.572299,1549007.000000,,
BATTERY,88,98.572299,1549007.000000,,
BATTERY,88,98.570625,1550833.000000,,
BATTERY,88,98.570625,1550833.000000,,
BATTERY,88,98.568866,1552752.000000,,
BATTERY,88,98.568866,1552752.000000,,
BATTERY,88,98.567193,1554577.000000,,
BATTERY,88,98.567193,1554577.000000,,
BATTERY,88,98.565433,1556497.000000,,
BATTERY,88,98.565433,1556497.000000,,
BATTERY,88,98.563760,1558322.000000,,
BATTERY,88,98.563760,1558322.000000,,
BATTERY,88,98.561794,1560467.000000,,
BATTERY,88,98.561794,1560467.000000,,
BATTERY,88,98.560034,1562387.000000,,
BATTERY,88,98.560034,1562387.000000,,
BATTERY,88,98.557481,1565172.000000,,
BATTERY,88,98.557481,1565172.000000,,
BATTERY,88,98.545835,1577877.000000,,
BATTERY,88,98.545835,1577877.000000,,
BATTERY,88,97.670621,2532656.000000,,
BATTERY,88,97.670621,2532656.000000,,
BATTERY,88,97.668888,2534546.000000,,
BATTERY,88,97.668888,2534546.000000,,
BATTERY,88,97.667200,2536388.000000,,
BATTERY,88,97.667200,2536388.000000,,
BATTERY,88,97.665405,2538346.000000,,
BATTERY,88,97.665405,2538346.000000,,
BATTERY,88,97.663732,2540171.000000,,
BATTERY,88,97.663732,2540171.000000,,
BATTERY,88,97.661972,2542091.000000,,
BATTERY,88,97.661972,2542091.000000,,
BATTERY,88,97.660299,2543916.000000,,
BATTERY,88,97.660299,2543916.000000,,
BATTERY,88,97.658539,2545836.000000,,
BATTERY,88,97.658539,2545836.000000,,
BATTERY,88,97.656866,2547661.000000,,
BATTERY,88,97.656866,2547661.000000,,
BATTERY,88,97.655106,2549581.000000,,
BATTERY,88,97.655106,2549581.000000,,
BATTERY,88,97.653433,2551406.000000,,
BATTERY,88,97.653433,2551406.000000,,
BATTERY,88,97.651673,2553326.000000,,
BATTERY,88,97.651673,2553326.000000,,
BATTERY,88,97.651468,2553550.000000,,
BATTERY,88,97.647320,2555247.000000,,
BATTERY,88,97.645648,2557071.000000,,
BATTERY,88,97.645648,2557071.000000,,
BATTERY,88,97.643975,2558896.000000,,
BATTERY,88,97.643975,2558896.000000,,
BATTERY,88,97.642215,2560816.000000,,
BATTERY,88,97.642215,2560816.000000,,
BATTERY,88,97.640542,2562641.000000,,
BATTERY,88,97.640542,2562641.000000,,
BATTERY,88,97.638782,2564561.000000,,
BATTERY,88,97.638782,2564561.000000,,
BATTERY,88,97.637109,2566386.000000,,
BATTERY,88,97.637109,2566386.000000,,
BATTERY,88,97.634556,2569171.000000,,
BATTERY,88,97.634556,2569171.000000,,
BATTERY,88,97.632590,2571316.000000,,
BATTERY,88,97.632590,2571316.000000,,
BATTERY,88,97.237781,3002016.000000,,
BATTERY,88,97.237781,3002016.000000,,
BATTERY,88,97.209401,3032976.000000,,
BATTERY,88,97.209401,3032976.000000,,
BATTERY,88,97.206457,3036188.000000,,
BATTERY,88,97.206457,3036188.000000,,
BATTERY,88,97.204784,3038013.000000,,
BATTERY,88,97.204784,3038013.000000,,
BATTERY,88,97.202958,3040005.000000,,
BATTERY,88,97.202958,3040005.000000,,
BATTERY,88,97.201127,3042003.000000,,
BATTERY,88,97.201127,3042003.000000,,
BATTERY,88,97.199454,3043828.000000,,
BATTERY,88,97.199454,3043828.000000,,
BATTERY,88,97.197694,3045748.000000,,
BATTERY,88,97.197694,3045748.000000,,
BATTERY,88,97.195901,3047704.000000,,
BATTERY,88,97.195901,3047704.000000,,
BATTERY,88,97.194228,3049529.000000,,
BATTERY,88,97.194228,3049529.000000,,
BATTERY,88,97.192468,3051449.000000,,
BATTERY,88,97.192468,3051449.000000,,
BATTERY,88,97.190795,3053274.000000,,
BATTERY,88,97.190795,3053274.000000,,
BATTERY,88,97.189035,3055194.000000,,
BATTERY,88,97.189035,3055194.000000,,
BATTERY,88,97.187362,3057019.000000,,
BATTERY,88,97.187362,3057019.000000,,
BATTERY,88,97.187157,3057243.000000,,
BATTERY,88,97.183008,3058940.000000,,
BATTERY,88,97.181336,3060764.000000,,
BATTERY,88,97.181336,3060764.000000,,
BATTERY,88,97.179576,3062684.000000,,
BATTERY,88,97.179576,3062684.000000,,
BATTERY,88,97.177816,3064604.000000,,
BATTERY,88,97.177816,3064604.000000,,
BATTERY,88,97.176144,3066429.000000,,
BATTERY,88,97.176144,3066429.000000,,
BATTERY,88,97.174471,3068254.000000,,
BATTERY,88,97.174471,3068254.000000,,
BATTERY,88,97.172711,3070174.000000,,
BATTERY,88,97.172711,3070174.000000,,
BATTERY,88,97.171038,3071999.000000,,
BATTERY,88,97.171038,3071999.000000,,
BATTERY,88,97.168984,3074239.000000,,
BATTERY,88,97.168984,3074239.000000,,
BATTERY,88,97.165845,3077664.000000,,
BATTERY,88,97.165845,3077664.000000,,
BATTERY,88,96.749649,3531696.000000,,
BATTERY,88,96.749649,3531696.000000,,
BATTERY,88,96.747800,3533713.000000,,
BATTERY,88,96.747800,3533713.000000,,
BATTERY,88,96.745364,3536370.000000,,
BATTERY,88,96.745364,3536370.000000,,
BATTERY,88,96.742342,3539667.000000,,
BATTERY,88,96.742342,3539667.000000,,
BATTERY,88,95.831515,4533296.000000,,
BATTERY,88,95.831515,4533296.000000,,
BATTERY,88,95.831027,4533829.000000,,
BATTERY,88,95.826879,4535526.000000,,
BATTERY,88,95.825087,4537480.000000,,
BATTERY,88,95.825087,4537480.000000,,
BATTERY,88,95.823415,4539305.000000,,
BATTERY,88,95.823415,4539305.000000,,
BATTERY,88,95.821725,4541148.000000,,
BATTERY,88,95.821725,4541148.000000,,
BATTERY,88,95.819982,4543050.000000,,
BATTERY,88,95.819982,4543050.000000,,
BATTERY,88,95.818292,4544893.000000,,
BATTERY,88,95.818292,4544893.000000,,
BATTERY,88,95.816549,4546795.000000,,
BATTERY,88,95.816549,4546795.000000,,
BATTERY,88,95.814859,4548638.000000,,
BATTERY,88,95.814859,4548638.000000,,
BATTERY,88,95.813116,4550540.000000,,
BATTERY,88,95.813116,4550540.000000,,
BATTERY,88,95.811426,4552383.000000,,
BATTERY,88,95.811426,4552383.000000,,
BATTERY,88,95.809666,4554303.000000,,
BATTERY,88,95.809666,4554303.000000,,
BATTERY,88,95.808111,4556000.000000,,
BATTERY,88,95.808111,4556000.000000,,
BATTERY,88,95.806438,4557825.000000,,
BATTERY,88,95.806438,4557825.000000,,
BATTERY,88,95.804765,4559650.000000,,
BATTERY,88,95.804765,4559650.000000,,
BATTERY,88,95.803005,4561570.000000,,
BATTERY,88,95.803005,4561570.000000,,
BATTERY,88,95.801332,4563395.000000,,
BATTERY,88,95.801332,4563395.000000,,
BATTERY,88,95.799366,4565540.000000,,
BATTERY,88,95.799366,4565540.000000,,
BATTERY,88,95.797606,4567460.000000,,
BATTERY,88,95.797606,4567460.000000,,
BATTERY,88,95.795933,4569285.000000,,
BATTERY,88,95.795933,4569285.000000,,
BATTERY,88,93.995883,6532976.000000,,
BATTERY,88,93.995883,6532976.000000,,
BATTERY,88,93.993729,6535326.000000,,
BATTERY,88,93.993729,6535326.000000,,
BATTERY,88,93.992042,6537166.000000,,
BATTERY,88,93.992042,6537166.000000,,
BATTERY,88,93.990369,6538991.000000,,
BATTERY,88,93.990369,6538991.000000,,
BATTERY,88,93.988609,6540911.000000,,
BATTERY,88,93.988609,6540911.000000,,
BATTERY,88,93.986801,6542883.000000,,
BATTERY,88,93.986801,6542883.000000,,
BATTERY,88,93.985128,6544708.000000,,
BATTERY,88,93.985128,6544708.000000,,
BATTERY,88,93.983368,6546628.000000,,
BATTERY,88,93.983368,6546628.000000,,
BATTERY,88,93.981696,6548453.000000,,
BATTERY,88,93.981696,6548453.000000,,
BATTERY,88,93.979936,6550373.000000,,
BATTERY,88,93.979936,6550373.000000,,
BATTERY,88,93.979817,6550502.000000,,
BATTERY,88,93.975669,6552199.000000,,
BATTERY,88,93.973997,6554023.000000,,
BATTERY,88,93.973997,6554023.000000,,
BATTERY,88,93.971944,6556263.000000,,
BATTERY,88,93.971944,6556263.000000,,
BATTERY,88,93.970271,6558088.000000,,
BATTERY,88,93.970271,6558088.000000,,
BATTERY,88,93.968218,6560328.000000,,
BATTERY,88,93.968218,6560328.000000,,
BATTERY,88,93.966545,6562153.000000,,
BATTERY,88,93.966545,6562153.000000,,
BATTERY,88,93.964491,6564393.000000,,
BATTERY,88,93.964491,6564393.000000,,
BATTERY,88,93.962818,6566218.000000,,
BATTERY,88,93.962818,6566218.000000,,
BATTERY,88,93.959679,6569643.000000,,
BATTERY,88,93.959679,6569643.000000,,
BATTERY,88,93.957419,6572108.000000,,
BATTERY,88,93.957419,6572108.000000,,
BATTERY,88,93.077504,7532016.000000,,
BATTERY,88,93.077504,7532016.000000,,
BATTERY,88,93.075068,7534673.000000,,
BATTERY,88,93.075068,7534673.000000,,
BATTERY,88,93.072632,7537330.000000,,
BATTERY,88,93.072632,7537330.000000,,
BATTERY,88,93.069610,7540627.000000,,
BATTERY,88,93.069610,7540627.000000,,
BATTERY,88,92.159957,8532976.000000,,
BATTERY,88,92.159957,8532976.000000,,
BATTERY,88,92.157859,8535265.000000,,
BATTERY,88,92.157859,8535265.000000,,
BATTERY,88,92.156186,8537090.000000,,
BATTERY,88,92.156186,8537090.000000,,
BATTERY,88,92.154440,8538994.000000,,
BATTERY,88,92.154440,8538994.000000,,
BATTERY,88,92.152753,8540835.000000,,
BATTERY,88,92.152753,8540835.000000,,
BATTERY,88,92.151007,8542739.000000,,
BATTERY,88,92.151007,8542739.000000,,
BATTERY,88,92.150875,8542884.000000,,
BATTERY,88,92.146726,8544581.000000,,
BATTERY,88,92.144982,8546484.000000,,
BATTERY,88,92.144982,8546484.000000,,
BATTERY,88,92.143294,8548325.000000,,
BATTERY,88,92.143294,8548325.000000,,
BATTERY,88,92.141549,8550229.000000,,
BATTERY,88,92.141549,8550229.000000,,
BATTERY,88,92.139861,8552070.000000,,
BATTERY,88,92.139861,8552070.000000,,
BATTERY,88,92.138116,8553974.000000,,
BATTERY,88,92.138116,8553974.000000,,
BATTERY,88,92.136443,8555799.000000,,
BATTERY,88,92.136443,8555799.000000,,
BATTERY,88,92.134390,8558039.000000,,
BATTERY,88,92.134390,8558039.000000,,
BATTERY,88,92.132424,8560184.000000,,
BATTERY,88,92.132424,8560184.000000,,
BATTERY,88,92.130664,8562104.000000,,
BATTERY,88,92.130664,8562104.000000,,
BATTERY,88,92.128991,8563929.000000,,
BATTERY,88,92.128991,8563929.000000,,
BATTERY,88,92.126438,8566714.000000,,
BATTERY,88,92.126438,8566714.000000,,
BATTERY,88,92.123005,8570459.000000,,
BATTERY,88,92.123005,8570459.000000,,
BATTERY,88,90.323151,10533936.000000,,
BATTERY,88,90.323151,10533936.000000,,
BATTERY,88,90.321282,10535975.000000,,
BATTERY,88,90.321282,10535975.000000,,
BATTERY,88,90.319316,10538120.000000,,
BATTERY,88,90.319316,10538120.000000,,
BATTERY,88,90.317643,10539945.000000,,
BATTERY,88,90.317643,10539945.000000,,
BATTERY,88,90.317437,10540169.000000,,
BATTERY,88,90.313289,10541866.000000,,
BATTERY,88,90.311617,10543690.000000,,
BATTERY,88,90.311617,10543690.000000,,
BATTERY,88,90.309857,10545610.000000,,
BATTERY,88,90.309857,10545610.000000,,
BATTERY,88,90.308184,10547435.000000,,
BATTERY,88,90.308184,10547435.000000,,
BATTERY,88,90.306424,10549355.000000,,
BATTERY,88,90.306424,10549355.000000,,
BATTERY,88,90.304751,10551180.000000,,
BATTERY,88,90.304751,10551180.000000,,
BATTERY,88,90.302991,10553100.000000,,
BATTERY,88,90.302991,10553100.000000,,
BATTERY,88,90.301318,10554925.000000,,
BATTERY,88,90.301318,10554925.000000,,
BATTERY,88,90.299558,10556845.000000,,
BATTERY,88,90.299558,10556845.000000,,
BATTERY,88,90.297885,10558670.000000,,
BATTERY,88,90.297885,10558670.000000,,
BATTERY,88,90.296125,10560590.000000,,
BATTERY,88,90.296125,10560590.000000,,
BATTERY,88,90.294452,10562415.000000,,
BATTERY,88,90.294452,10562415.000000,,
BATTERY,88,90.292780,10564240.000000,,
BATTERY,88,90.292780,10564240.000000,,
BATTERY,88,90.291107,10566065.000000,,
BATTERY,88,90.291107,10566065.000000,,
BATTERY,88,90.289347,10567985.000000,,
BATTERY,88,90.289347,10567985.000000,,
BATTERY,88,90.287674,10569810.000000,,
BATTERY,88,90.287674,10569810.000000,,
BATTERY,88,90.285914,10571730.000000,,
BATTERY,88,90.285914,10571730.000000,,
BATTERY,88,90.283947,10573875.000000,,
BATTERY,88,90.283947,10573875.000000,,
BATTERY,88,90.281395,10576660.000000,,
BATTERY,88,90.281395,10576660.000000,,
BATTERY,88,85.738985,15532016.000000,,
BATTERY,88,85.738985,15532016.000000,,
BATTERY,88,85.737429,15533713.000000,,
BATTERY,88,85.737429,15533713.000000,,
BATTERY,88,85.735376,15535953.000000,,
BATTERY,88,85.735376,15535953.000000,,
BATTERY,88,85.733527,15537970.000000,,
BATTERY,88,85.733527,15537970.000000,,
BATTERY,88,84.822612,16531696.000000,,
BATTERY,88,84.822612,16531696.000000,,
BATTERY,88,84.812390,16542847.000000,,
BATTERY,88,84.812390,16542847.000000,,
BATTERY,88,82.988692,18532336.000000,,
BATTERY,88,82.988692,18532336.000000,,
BATTERY,88,82.986631,18534584.000000,,
BATTERY,88,82.986631,18534584.000000,,
BATTERY,88,82.986370,18534869.000000,,
BATTERY,88,82.982221,18536566.000000,,
BATTERY,88,82.980470,18538477.000000,,
BATTERY,88,82.980470,18538477.000000,,
BATTERY,88,82.978797,18540302.000000,,
BATTERY,88,82.978797,18540302.000000,,
BATTERY,88,82.977037,18542222.000000,,
BATTERY,88,82.977037,18542222.000000,,
BATTERY,88,82.975302,18544115.000000,,
BATTERY,88,82.975302,18544115.000000,,
BATTERY,88,82.973604,18545967.000000,,
BATTERY,88,82.973604,18545967.000000,,
BATTERY,88,82.971869,18547860.000000,,
BATTERY,88,82.971869,18547860.000000,,
BATTERY,88,82.970171,18549712.000000,,
BATTERY,88,82.970171,18549712.000000,,
BATTERY,88,82.968436,18551605.000000,,
BATTERY,88,82.968436,18551605.000000,,
BATTERY,88,82.966738,18553457.000000,,
BATTERY,88,82.966738,18553457.000000,,
BATTERY,88,82.965003,18555350.000000,,
BATTERY,88,82.965003,18555350.000000,,
BATTERY,88,82.963243,18557270.000000,,
BATTERY,88,82.963243,18557270.000000,,
BATTERY,88,82.961570,18559095.000000,,
BATTERY,88,82.961570,18559095.000000,,
BATTERY,88,82.959604,18561240.000000,,
BATTERY,88,82.959604,18561240.000000,,
BATTERY,88,82.957257,18563800.000000,,
BATTERY,88,82.957257,18563800.000000,,
BATTERY,88,82.954411,18566905.000000,,
BATTERY,88,82.954411,18566905.000000,,
BATTERY,88,76.570019,25531696.000000,,
BATTERY,88,76.570019,25531696.000000,,
BATTERY,88,76.568170,25533713.000000,,
BATTERY,88,76.568170,25533713.000000,,
BATTERY,88,76.565148,25537010.000000,,
BATTERY,88,76.565148,25537010.000000,,
BATTERY,88,76.563299,25539027.000000,,
BATTERY,88,76.563299,25539027.000000,,
BATTERY,88,75.652766,26532336.000000,,
BATTERY,88,75.652766,26532336.000000,,
BATTERY,88,75.644901,26540916.000000,,
BATTERY,88,75.644901,26540916.000000,,
BATTERY,88,73.819432,28532336.000000,,
BATTERY,88,73.819432,28532336.000000,,
BATTERY,88,73.817392,28534562.000000,,
BATTERY,88,73.817392,28534562.000000,,
BATTERY,88,73.815719,28536387.000000,,
BATTERY,88,73.815719,28536387.000000,,
BATTERY,88,73.813970,28538295.000000,,
BATTERY,88,73.813970,28538295.000000,,
BATTERY,88,73.812286,28540132.000000,,
BATTERY,88,73.812286,28540132.000000,,
BATTERY,88,73.810537,28542040.000000,,
BATTERY,88,73.810537,28542040.000000,,
BATTERY,88,73.808853,28543877.000000,,
BATTERY,88,73.808853,28543877.000000,,
BATTERY,88,73.807104,28545785.000000,,
BATTERY,88,73.807104,28545785.000000,,
BATTERY,88,73.805420,28547622.000000,,
BATTERY,88,73.805420,28547622.000000,,
BATTERY,88,73.803671,28549530.000000,,
BATTERY,88,73.803671,28549530.000000,,
BATTERY,88,73.801987,28551367.000000,,
BATTERY,88,73.801987,28551367.000000,,
BATTERY,88,73.800238,28553275.000000,,
BATTERY,88,73.800238,28553275.000000,,
BATTERY,88,73.800109,28553416.000000,,
BATTERY,88,73.795961,28555113.000000,,
BATTERY,88,73.794289,28556937.000000,,
BATTERY,88,73.794289,28556937.000000,,
BATTERY,88,73.792529,28558857.000000,,
BATTERY,88,73.792529,28558857.000000,,
BATTERY,88,73.790562,28561002.000000,,
BATTERY,88,73.790562,28561002.000000,,
BATTERY,88,73.788890,28562827.000000,,
BATTERY,88,73.788890,28562827.000000,,
BATTERY,88,73.785663,28566347.000000,,
BATTERY,88,73.785663,28566347.000000,,
BATTERY,88,73.782817,28569452.000000,,
BATTERY,88,73.782817,28569452.000000,,
BATTERY,88,67.400466,35532016.000000,,
BATTERY,88,67.400466,35532016.000000,,
BATTERY,88,67.397151,35535633.000000,,
BATTERY,88,67.397151,35535633.000000,,
BATTERY,88,67.394422,35538610.000000,,
BATTERY,88,67.394422,35538610.000000,,
BATTERY,88,67.391693,35541587.000000,,
BATTERY,88,67.391693,35541587.000000,,
BATTERY,88,66.484093,36531696.000000,,
BATTERY,88,66.484093,36531696.000000,,
BATTERY,88,66.480246,36535893.000000,,
BATTERY,88,66.480246,36535893.000000,,
BATTERY,88,64.650760,38531696.000000,,
BATTERY,88,64.650760,38531696.000000,,
BATTERY,88,64.647673,38535063.000000,,
BATTERY,88,64.647673,38535063.000000,,
BATTERY,88,64.645982,38536908.000000,,
BATTERY,88,64.645982,38536908.000000,,
BATTERY,88,64.644252,38538795.000000,,
BATTERY,88,64.644252,38538795.000000,,
BATTERY,88,64.642549,38540653.000000,,
BATTERY,88,64.642549,38540653.000000,,
BATTERY,88,64.640773,38542591.000000,,
BATTERY,88,64.640773,38542591.000000,,
BATTERY,88,64.639100,38544416.000000,,
BATTERY,88,64.639100,38544416.000000,,
BATTERY,88,64.637340,38546336.000000,,
BATTERY,88,64.637340,38546336.000000,,
BATTERY,88,64.635667,38548161.000000,,
BATTERY,88,64.635667,38548161.000000,,
BATTERY,88,64.633907,38550081.000000,,
BATTERY,88,64.633907,38550081.000000,,
BATTERY,88,64.632234,38551906.000000,,
BATTERY,88,64.632234,38551906.000000,,
BATTERY,88,64.630474,38553826.000000,,
BATTERY,88,64.630474,38553826.000000,,
BATTERY,88,64.628801,38555651.000000,,
BATTERY,88,64.628801,38555651.000000,,
BATTERY,88,64.627041,38557571.000000,,
BATTERY,88,64.627041,38557571.000000,,
BATTERY,88,64.625368,38559396.000000,,
BATTERY,88,64.625368,38559396.000000,,
BATTERY,88,64.624869,38559940.000000,,
BATTERY,88,64.620721,38561637.000000,,
BATTERY,88,64.618962,38563556.000000,,
BATTERY,88,64.618962,38563556.000000,,
BATTERY,88,64.616702,38566021.000000,,
BATTERY,88,64.616702,38566021.000000,,
BATTERY,88,64.614736,38568166.000000,,
BATTERY,88,64.614736,38568166.000000,,
BATTERY,88,64.613063,38569991.000000,,
BATTERY,88,64.613063,38569991.000000,,
BATTERY,88,64.611303,38571911.000000,,
BATTERY,88,64.611303,38571911.000000,,
BATTERY,88,64.607870,38575656.000000,,
BATTERY,88,64.607870,38575656.000000,,
BATTERY,88,58.231500,45531696.000000,,
BATTERY,88,58.231500,45531696.000000,,
BATTERY,88,58.229740,45533616.000000,,
BATTERY,88,58.229740,45533616.000000,,
BATTERY,88,57.313367,46533296.000000,,
BATTERY,88,57.313367,46533296.000000,,
BATTERY,88,57.302785,46544840.000000,,
BATTERY,88,57.302785,46544840.000000,,
BATTERY,88,55.480914,48532336.000000,,
BATTERY,88,55.480914,48532336.000000,,
BATTERY,88,55.480533,48532751.000000,,
BATTERY,88,55.476385,48534448.000000,,
BATTERY,88,55.474713,48536272.000000,,
BATTERY,88,55.474713,48536272.000000,,
BATTERY,88,55.473040,48538097.000000,,
BATTERY,88,55.473040,48538097.000000,,
BATTERY,88,55.471280,48540017.000000,,
BATTERY,88,55.471280,48540017.000000,,
BATTERY,88,55.469607,48541842.000000,,
BATTERY,88,55.469607,48541842.000000,,
BATTERY,88,55.467769,48543847.000000,,
BATTERY,88,55.467769,48543847.000000,,
BATTERY,88,55.466096,48545672.000000,,
BATTERY,88,55.466096,48545672.000000,,
BATTERY,88,55.464336,48547592.000000,,
BATTERY,88,55.464336,48547592.000000,,
BATTERY,88,55.462663,48549417.000000,,
BATTERY,88,55.462663,48549417.000000,,
BATTERY,88,55.460903,48551337.000000,,
BATTERY,88,55.460903,48551337.000000,,
BATTERY,88,55.459143,48553257.000000,,
BATTERY,88,55.459143,48553257.000000,,
BATTERY,88,55.457471,48555082.000000,,
BATTERY,88,55.457471,48555082.000000,,
BATTERY,88,55.455798,48556907.000000,,
BATTERY,88,55.455798,48556907.000000,,
BATTERY,88,55.453744,48559147.000000,,
BATTERY,88,55.453744,48559147.000000,,
BATTERY,88,55.452071,48560972.000000,,
BATTERY,88,55.452071,48560972.000000,,
BATTERY,88,55.450018,48563212.000000,,
BATTERY,88,55.450018,48563212.000000,,
BATTERY,88,55.447758,48565677.000000,,
BATTERY,88,55.447758,48565677.000000,,
BATTERY,88,55.445206,48568462.000000,,
BATTERY,88,55.445206,48568462.000000,,
BATTERY,88,55.442653,48571247.000000,,
BATTERY,88,55.442653,48571247.000000,,
BATTERY,88,55.440686,48573392.000000,,
BATTERY,88,55.440686,48573392.000000,,
BATTERY,88,49.062241,55531696.000000,,
BATTERY,88,49.062241,55531696.000000,,
BATTERY,88,49.060392,55533713.000000,,
BATTERY,88,49.060392,55533713.000000,,
BATTERY,88,49.057957,55536370.000000,,
BATTERY,88,49.057957,55536370.000000,,
BATTERY,88,48.145574,56531696.000000,,
BATTERY,88,48.145574,56531696.000000,,
BATTERY,88,48.135256,56542952.000000,,
BATTERY,88,48.135256,56542952.000000,,
BATTERY,88,46.310481,58533616.000000,,
BATTERY,88,46.310481,58533616.000000,,
BATTERY,88,46.308730,58535526.000000,,
BATTERY,88,46.308730,58535526.000000,,
BATTERY,88,46.306984,58537431.000000,,
BATTERY,88,46.306984,58537431.000000,,
BATTERY,88,46.305311,58539256.000000,,
BATTERY,88,46.305311,58539256.000000,,
BATTERY,88,46.305106,58539480.000000,,
BATTERY,88,46.300957,58541177.000000,,
BATTERY,88,46.299256,58543033.000000,,
BATTERY,88,46.299256,58543033.000000,,
BATTERY,88,46.297544,58544901.000000,,
BATTERY,88,46.297544,58544901.000000,,
BATTERY,88,46.295823,58546778.000000,,
BATTERY,88,46.295823,58546778.000000,,
BATTERY,88,46.294080,58548680.000000,,
BATTERY,88,46.294080,58548680.000000,,
BATTERY,88,46.292390,58550523.000000,,
BATTERY,88,46.292390,58550523.000000,,
BATTERY,88,46.290647,58552425.000000,,
BATTERY,88,46.290647,58552425.000000,,
BATTERY,88,46.288957,58554268.000000,,
BATTERY,88,46.288957,58554268.000000,,
BATTERY,88,46.287214,58556170.000000,,
BATTERY,88,46.287214,58556170.000000,,
BATTERY,88,46.285524,58558013.000000,,
BATTERY,88,46.285524,58558013.000000,,
BATTERY,88,46.283488,58560235.000000,,
BATTERY,88,46.283488,58560235.000000,,
BATTERY,88,46.281728,58562155.000000,,
BATTERY,88,46.281728,58562155.000000,,
BATTERY,88,46.280055,58563980.000000,,
BATTERY,88,46.280055,58563980.000000,,
BATTERY,88,46.277779,58566463.000000,,
BATTERY,88,46.277779,58566463.000000,,
BATTERY,88,46.275812,58568608.000000,,
BATTERY,88,46.275812,58568608.000000,,
BATTERY,88,46.273846,58570753.000000,,
BATTERY,88,46.273846,58570753.000000,,
BATTERY,88,39.892102,65532656.000000,,
BATTERY,88,39.892102,65532656.000000,,
BATTERY,88,39.889959,65534993.000000,,
BATTERY,88,39.889959,65534993.000000,,
BATTERY,88,39.886644,65538610.000000,,
BATTERY,88,39.886644,65538610.000000,,
BATTERY,88,38.974262,66533936.000000,,
BATTERY,88,38.974262,66533936.000000,,
BATTERY,88,38.968064,66540697.000000,,
BATTERY,88,38.968064,66540697.000000,,
BATTERY,88,37.142982,68531696.000000,,
BATTERY,88,37.142982,68531696.000000,,
BATTERY,88,37.140912,68533954.000000,,
BATTERY,88,37.140912,68533954.000000,,
BATTERY,88,37.139181,68535842.000000,,
BATTERY,88,37.139181,68535842.000000,,
BATTERY,88,37.137508,68537667.000000,,
BATTERY,88,37.137508,68537667.000000,,
BATTERY,88,37.135748,68539587.000000,,
BATTERY,88,37.135748,68539587.000000,,
BATTERY,88,37.134075,68541412.000000,,
BATTERY,88,37.134075,68541412.000000,,
BATTERY,88,37.132315,68543332.000000,,
BATTERY,88,37.132315,68543332.000000,,
BATTERY,88,37.132057,68543614.000000,,
BATTERY,88,37.127909,68545311.000000,,
BATTERY,88,37.126237,68547135.000000,,
BATTERY,88,37.126237,68547135.000000,,
BATTERY,88,37.124477,68549055.000000,,
BATTERY,88,37.124477,68549055.000000,,
BATTERY,88,37.122804,68550880.000000,,
BATTERY,88,37.122804,68550880.000000,,
BATTERY,88,37.120750,68553120.000000,,
BATTERY,88,37.120750,68553120.000000,,
BATTERY,88,37.119078,68554945.000000,,
BATTERY,88,37.119078,68554945.000000,,
BATTERY,88,37.117318,68556865.000000,,
BATTERY,88,37.117318,68556865.000000,,
BATTERY,88,37.115645,68558690.000000,,
BATTERY,88,37.115645,68558690.000000,,
BATTERY,88,37.113972,68560515.000000,,
BATTERY,88,37.113972,68560515.000000,,
BATTERY,88,37.112212,68562435.000000,,
BATTERY,88,37.112212,68562435.000000,,
BATTERY,88,37.110452,68564355.000000,,
BATTERY,88,37.110452,68564355.000000,,
BATTERY,88,37.108779,68566180.000000,,
BATTERY,88,37.108779,68566180.000000,,
BATTERY,88,37.107019,68568100.000000,,
BATTERY,88,37.107019,68568100.000000,,
BATTERY,88,30.723722,75531696.000000,,
BATTERY,88,30.723722,75531696.000000,,
BATTERY,88,30.721962,75533616.000000,,
BATTERY,88,30.721962,75533616.000000,,
BATTERY,88,30.720113,75535633.000000,,
BATTERY,88,30.720113,75535633.000000,,
BATTERY,88,29.806176,76532656.000000,,
BATTERY,88,29.806176,76532656.000000,,
BATTERY,88,29.796111,76543636.000000,,
BATTERY,88,29.796111,76543636.000000,,
BATTERY,88,27.973136,78532336.000000,,
BATTERY,88,27.973136,78532336.000000,,
BATTERY,88,27.970999,78534667.000000,,
BATTERY,88,27.970999,78534667.000000,,
BATTERY,88,27.969033,78536812.000000,,
BATTERY,88,27.969033,78536812.000000,,
BATTERY,88,27.967291,78538712.000000,,
BATTERY,88,27.967291,78538712.000000,,
BATTERY,88,27.965519,78540645.000000,,
BATTERY,88,27.965519,78540645.000000,,
BATTERY,88,27.963846,78542470.000000,,
BATTERY,88,27.963846,78542470.000000,,
BATTERY,88,27.963641,78542694.000000,,
BATTERY,88,27.959493,78544391.000000,,
BATTERY,88,27.957821,78546215.000000,,
BATTERY,88,27.957821,78546215.000000,,
BATTERY,88,27.956061,78548135.000000,,
BATTERY,88,27.956061,78548135.000000,,
BATTERY,88,27.954388,78549960.000000,,
BATTERY,88,27.954388,78549960.000000,,
BATTERY,88,27.952628,78551880.000000,,
BATTERY,88,27.952628,78551880.000000,,
BATTERY,88,27.950955,78553705.000000,,
BATTERY,88,27.950955,78553705.000000,,
BATTERY,88,27.949195,78555625.000000,,
BATTERY,88,27.949195,78555625.000000,,
BATTERY,88,27.947522,78557450.000000,,
BATTERY,88,27.947522,78557450.000000,,
BATTERY,88,27.945762,78559370.000000,,
BATTERY,88,27.945762,78559370.000000,,
BATTERY,88,27.944002,78561290.000000,,
BATTERY,88,27.944002,78561290.000000,,
BATTERY,88,27.940569,78565035.000000,,
BATTERY,88,27.940569,78565035.000000,,
BATTERY,88,21.554170,85532016.000000,,
BATTERY,88,21.554170,85532016.000000,,
BATTERY,88,21.552614,85533713.000000,,
BATTERY,88,21.552614,85533713.000000,,
BATTERY,88,21.550561,85535953.000000,,
BATTERY,88,21.550561,85535953.000000,,
BATTERY,88,20.637210,86532336.000000,,
BATTERY,88,20.637210,86532336.000000,,
BATTERY,88,20.629948,86540258.000000,,
BATTERY,88,20.629948,86540258.000000,,
BATTERY,88,18.802410,88533936.000000,,
BATTERY,88,18.802410,88533936.000000,,
BATTERY,88,18.799599,88537002.000000,,
BATTERY,88,18.799599,88537002.000000,,
BATTERY,88,18.797872,88538886.000000,,
BATTERY,88,18.797872,88538886.000000,,
BATTERY,88,18.796199,88540711.000000,,
BATTERY,88,18.796199,88540711.000000,,
BATTERY,88,18.794526,88542536.000000,,
BATTERY,88,18.794526,88542536.000000,,
BATTERY,88,18.794321,88542760.000000,,
BATTERY,88,18.790173,88544457.000000,,
BATTERY,88,18.788501,88546281.000000,,
BATTERY,88,18.788501,88546281.000000,,
BATTERY,88,18.786741,88548201.000000,,
BATTERY,88,18.786741,88548201.000000,,
BATTERY,88,18.785068,88550026.000000,,
BATTERY,88,18.785068,88550026.000000,,
BATTERY,88,18.783308,88551946.000000,,
BATTERY,88,18.783308,88551946.000000,,
BATTERY,88,18.781635,88553771.000000,,
BATTERY,88,18.781635,88553771.000000,,
BATTERY,88,18.779875,88555691.000000,,
BATTERY,88,18.779875,88555691.000000,,
BATTERY,88,18.778202,88557516.000000,,
BATTERY,88,18.778202,88557516.000000,,
BATTERY,88,18.776442,88559436.000000,,
BATTERY,88,18.776442,88559436.000000,,
BATTERY,88,18.774769,88561261.000000,,
BATTERY,88,18.774769,88561261.000000,,
BATTERY,88,18.773096,88563086.000000,,
BATTERY,88,18.773096,88563086.000000,,
BATTERY,88,18.771043,88565326.000000,,
BATTERY,88,18.771043,88565326.000000,,
BATTERY,88,18.768490,88568111.000000,,
BATTERY,88,18.768490,88568111.000000,,
BATTERY,88,18.765057,88571856.000000,,
BATTERY,88,18.765057,88571856.000000,,
BATTERY,88,12.385204,95531696.000000,,
BATTERY,88,12.385204,95531696.000000,,
BATTERY,88,12.383648,95533393.000000,,
BATTERY,88,12.383648,95533393.000000,,
BATTERY,88,12.381213,95536050.000000,,
BATTERY,88,12.381213,95536050.000000,,
BATTERY,88,12.378190,95539347.000000,,
BATTERY,88,12.378190,95539347.000000,,
BATTERY,88,11.467950,96532336.000000,,
BATTERY,88,11.467950,96532336.000000,,
BATTERY,88,11.458029,96543159.000000,,
BATTERY,88,11.458029,96543159.000000,,
BATTERY,88,9.634617,98532336.000000,,
BATTERY,88,9.634617,98532336.000000,,
BATTERY,88,9.632215,98534957.000000,,
BATTERY,88,9.632215,98534957.000000,,
BATTERY,88,9.630334,98537009.000000,,
BATTERY,88,9.630334,98537009.000000,,
BATTERY,88,9.628503,98539006.000000,,
BATTERY,88,9.628503,98539006.000000,,
BATTERY,88,9.626807,98540856.000000,,
BATTERY,88,9.626807,98540856.000000,,
BATTERY,88,9.625070,98542751.000000,,
BATTERY,88,9.625070,98542751.000000,,
BATTERY,88,9.623286,98544697.000000,,
BATTERY,88,9.623286,98544697.000000,,
BATTERY,88,9.621613,98546522.000000,,
BATTERY,88,9.621613,98546522.000000,,
BATTERY,88,9.619853,98548442.000000,,
BATTERY,88,9.619853,98548442.000000,,
BATTERY,88,9.618180,98550267.000000,,
BATTERY,88,9.618180,98550267.000000,,
BATTERY,88,9.616420,98552187.000000,,
BATTERY,88,9.616420,98552187.000000,,
BATTERY,88,9.614747,98554012.000000,,
BATTERY,88,9.614747,98554012.000000,,
BATTERY,88,9.614542,98554236.000000,,
BATTERY,88,9.610394,98555933.000000,,
BATTERY,88,9.608342,98558172.000000,,
BATTERY,88,9.608342,98558172.000000,,
BATTERY,88,9.606669,98559997.000000,,
BATTERY,88,9.606669,98559997.000000,,
BATTERY,88,9.604996,98561822.000000,,
BATTERY,88,9.604996,98561822.000000,,
BATTERY,88,9.601563,98565567.000000,,
BATTERY,88,9.601563,98565567.000000,,
BATTERY,88,3.215945,105531696.000000,,
BATTERY,88,3.215945,105531696.000000,,
BATTERY,88,3.213216,105534673.000000,,
BATTERY,88,3.213216,105534673.000000,,
BATTERY,88,3.211073,105537010.000000,,
BATTERY,88,3.211073,105537010.000000,,
BATTERY,88,2.299278,106531696.000000,,
BATTERY,88,2.299278,106531696.000000,,
BATTERY,88,2.289836,106541996.000000,,
BATTERY,88,2.289836,106541996.000000,,
BATTERY,88,0.464478,108533296.000000,,
BATTERY,88,0.464478,108533296.000000,,
BATTERY,88,0.462290,108535683.000000,,
BATTERY,88,0.462290,108535683.000000,,
BATTERY,88,0.460030,108538148.000000,,
BATTERY,88,0.460030,108538148.000000,,
BATTERY,88,0.458357,108539973.000000,,
BATTERY,88,0.458357,108539973.000000,,
BATTERY,88,0.456684,108541798.000000,,
BATTERY,88,0.456684,108541798.000000,,
BATTERY,88,0.454924,108543718.000000,,
BATTERY,88,0.454924,108543718.000000,,
BATTERY,88,0.453251,108545543.000000,,
BATTERY,88,0.453251,108545543.000000,,
BATTERY,88,0.451491,108547463.000000,,
BATTERY,88,0.451491,108547463.000000,,
BATTERY,88,0.451286,108547687.000000,,
BATTERY,88,0.447138,108549384.000000,,
BATTERY,88,0.445466,108551208.000000,,
BATTERY,88,0.445466,108551208.000000,,
BATTERY,88,0.443793,108553033.000000,,
BATTERY,88,0.443793,108553033.000000,,
BATTERY,88,0.442033,108554953.000000,,
BATTERY,88,0.442033,108554953.000000,,
BATTERY,88,0.440273,108556873.000000,,
BATTERY,88,0.440273,108556873.000000,,
BATTERY,88,0.438600,108558698.000000,,
BATTERY,88,0.438600,108558698.000000,,
BATTERY,88,0.436927,108560523.000000,,
BATTERY,88,0.436927,108560523.000000,,
BATTERY,88,0.434580,108563083.000000,,
BATTERY,88,0.434580,108563083.000000,,
BATTERY,88,0.431148,108566828.000000,,
BATTERY,88,0.431148,108566828.000000,,
BATTERY,88,0.000000,116002336.000000,,
BATTERY,88,0.000000,499530000.000000,,
